-1 0
0 0
1 0
2 0
3 0
4 0
5 0
6 1
7 1
8 1
9 2
10 0
11 2
12 1
13 2
14 0
15 2
16 1
17 4
18 0
19 2
20 0
21 3
22 0
23 3
24 1
25 3
26 0
27 4
28 1
29 4
30 0
31 2
32 0
33 5
34 0
35 3
36 1
37 4
38 0
39 4
40 1
41 5
42 0
43 4
44 0
45 6
46 0
47 4
48 1
49 4
50 0
51 7
52 0
53 5
54 0
55 3
56 0
57 7
58 0
59 3
60 1
61 3
62 0
63 7
64 1
65 7
66 0
67 5
68 0
69 7
70 0
71 4
72 0
73 4
74 0
75 8
76 1
77 7
78 0
79 5
80 0
81 8
82 0
83 4
84 1
85 7
86 0
87 8
88 1
89 7
90 0
91 4
92 0
93 11
94 0
95 5
96 1
97 6
98 0
99 9
100 0
101 6
102 0
103 5
104 0
105 12
106 0
107 6
108 1
109 6
110 0
111 10
112 0
113 8
114 0
115 6
116 0
117 11
118 0
119 7
120 1
121 5
122 0
123 11
124 1
125 8
126 0
127 6
128 0
129 10
130 0
131 6
132 0
133 6
134 0
135 13
136 1
137 8
138 0
139 5
140 0
141 13
142 0
143 6
144 1
145 9
146 0
147 12
148 1
149 8
150 0
151 6
152 0
153 14
154 0
155 8
156 0
157 6
158 0
159 11
160 1
161 10
162 0
163 9
164 0
165 16
166 0
167 5
168 1
169 8
170 0
171 13
172 0
173 9
174 0
175 9
176 0
177 14
178 0
179 7
180 1
181 6
182 0
183 14
184 0
185 12
186 0
187 8
188 0
189 16
190 0
191 6
192 0
193 7
194 0
195 16
196 1
197 10
198 0
199 7
200 0
201 15
202 0
203 9
204 1
205 11
206 0
207 14
208 1
209 10
210 0
211 8
212 0
213 16
214 0
215 9
216 1
217 10
218 0
219 16
220 1
221 11
222 0
223 8
224 0
225 21
226 0
227 6
228 1
229 9
230 0
231 18
232 0
233 12
234 0
235 10
236 0
237 19
238 0
239 10
240 0
241 7
242 0
243 15
244 0
245 15
246 0
247 9
248 0
249 17
250 0
251 7
252 0
253 9
254 0
255 19
256 1
257 11
258 0
259 9
260 0
261 17
262 0
263 8
264 1
265 12
266 0
267 18
268 0
269 10
270 0
271 8
272 0
273 22
274 0
275 12
276 1
277 11
278 0
279 16
280 1
281 12
282 0
283 9
284 0
285 26
286 0
287 11
288 0
289 9
290 0
291 18
292 0
293 10
294 0
295 11
296 0
297 21
298 0
299 9
300 1
301 10
302 0
303 18
304 1
305 14
306 0
307 12
308 0
309 18
310 0
311 8
312 0
313 10
314 0
315 27
316 1
317 14
318 0
319 12
320 0
321 20
322 0
323 10
324 0
325 13
326 0
327 17
328 1
329 12
330 0
331 12
332 0
333 20
334 0
335 11
336 1
337 12
338 0
339 18
340 0
341 13
342 0
343 12
344 0
345 26
346 0
347 7
348 1
349 9
350 0
351 22
352 0
353 12
354 0
355 13
356 0
357 26
358 0
359 12
360 1
361 9
362 0
363 23
364 1
365 16
366 0
367 11
368 0
369 22
370 0
371 13
372 0
373 13
374 0
375 26
376 0
377 14
378 0
379 10
380 0
381 19
382 0
383 10
384 1
385 18
386 0
387 22
388 1
389 15
390 0
391 12
392 0
393 25
394 0
395 13
396 1
397 12
398 0
399 26
400 1
401 15
402 0
403 13
404 0
405 31
406 0
407 13
408 0
409 11
410 0
411 24
412 0
413 14
414 0
415 16
416 0
417 22
418 0
419 12
420 0
421 9
422 0
423 21
424 1
425 18
426 0
427 15
428 0
429 25
430 0
431 12
432 0
433 12
434 0
435 30
436 0
437 12
438 0
439 12
440 0
441 25
442 0
443 14
444 0
445 16
446 0
447 22
448 1
449 12
450 0
451 13
452 0
453 27
454 0
455 19
456 1
457 14
458 0
459 26
460 1
461 13
462 0
463 13
464 0
465 32
466 0
467 13
468 1
469 17
470 0
471 28
472 0
473 15
474 0
475 17
476 0
477 26
478 0
479 11
480 1
481 13
482 0
483 29
484 1
485 18
486 0
487 14
488 0
489 27
490 0
491 16
492 0
493 16
494 0
495 35
496 0
497 17
498 0
499 12
500 0
501 27
502 0
503 12
504 1
505 21
506 0
507 25
508 0
509 15
510 0
511 13
512 0
513 29
514 0
515 16
516 1
517 15
518 0
519 25
520 0
521 14
522 0
523 11
524 0
525 43
526 0
527 13
528 1
529 16
530 0
531 27
532 0
533 16
534 0
535 16
536 0
537 28
538 0
539 16
540 1
541 13
542 0
543 27
544 1
545 22
546 0
547 14
548 0
549 27
550 0
551 15
552 0
553 17
554 0
555 33
556 1
557 18
558 0
559 13
560 0
561 33
562 0
563 13
564 1
565 19
566 0
567 31
568 1
569 16
570 0
571 15
572 0
573 31
574 0
575 21
576 0
577 16
578 0
579 27
580 0
581 20
582 0
583 17
584 0
585 42
586 0
587 12
588 1
589 16
590 0
591 29
592 0
593 16
594 0
595 21
596 0
597 30
598 0
599 15
600 0
601 11
602 0
603 29
604 0
605 23
606 0
607 14
608 0
609 35
610 0
611 15
612 0
613 17
614 0
615 35
616 1
617 16
618 0
619 14
620 0
621 31
622 0
623 19
624 1
625 22
626 0
627 35
628 1
629 19
630 0
631 14
632 0
633 33
634 0
635 19
636 1
637 21
638 0
639 30
640 0
641 19
642 0
643 15
644 0
645 42
646 0
647 15
648 0
649 16
650 0
651 35
652 0
653 19
654 0
655 21
656 0
657 33
658 0
659 16
660 0
661 14
662 0
663 33
664 1
665 29
666 0
667 17
668 0
669 31
670 0
671 14
672 0
673 18
674 0
675 37
676 1
677 18
678 0
679 21
680 0
681 34
682 0
683 16
684 0
685 18
686 0
687 30
688 0
689 18
690 0
691 13
692 0
693 43
694 0
695 20
696 1
697 18
698 0
699 31
700 1
701 18
702 0
703 18
704 0
705 43
706 0
707 17
708 1
709 18
710 0
711 31
712 0
713 20
714 0
715 26
716 0
717 33
718 0
719 17
720 1
721 20
722 0
723 35
724 0
725 23
726 0
727 16
728 0
729 32
730 0
731 17
732 0
733 18
734 0
735 48
736 1
737 22
738 0
739 18
740 0
741 35
742 0
743 17
744 0
745 22
746 0
747 32
748 1
749 21
750 0
751 15
752 0
753 37
754 0
755 19
756 0
757 18
758 0
759 34
760 1
761 21
762 0
763 21
764 0
765 52
766 0
767 18
768 1
769 16
770 0
771 34
772 0
773 20
774 0
775 22
776 0
777 43
778 0
779 20
780 1
781 20
782 0
783 36
784 0
785 23
786 0
787 18
788 0
789 32
790 0
791 20
792 0
793 20
794 0
795 45
796 1
797 21
798 0
799 18
800 0
801 36
802 0
803 19
804 1
805 27
806 0
807 36
808 0
809 18
810 0
811 19
812 0
813 37
814 0
815 24
816 0
817 18
818 0
819 43
820 1
821 21
822 0
823 19
824 0
825 51
826 0
827 16
828 0
829 15
830 0
831 35
832 0
833 27
834 0
835 25
836 0
837 36
838 0
839 16
840 1
841 19
842 0
843 34
844 1
845 30
846 0
847 25
848 0
849 39
850 0
851 17
852 0
853 17
854 0
855 49
856 0
857 20
858 0
859 18
860 0
861 42
862 0
863 18
864 1
865 26
866 0
867 39
868 1
869 24
870 0
871 21
872 0
873 38
874 0
875 27
876 0
877 20
878 0
879 37
880 1
881 19
882 0
883 21
884 0
885 51
886 0
887 19
888 1
889 22
890 0
891 42
892 0
893 22
894 0
895 25
896 0
897 44
898 0
899 20
900 1
901 23
902 0
903 44
904 0
905 28
906 0
907 21
908 0
909 37
910 0
911 20
912 0
913 19
914 0
915 47
916 1
917 27
918 0
919 20
920 0
921 42
922 0
923 17
924 1
925 29
926 0
927 35
928 1
929 24
930 0
931 23
932 0
933 44
934 0
935 28
936 1
937 19
938 0
939 42
940 0
941 24
942 0
943 22
944 0
945 65
946 0
947 19
948 0
949 19
950 0
951 39
952 0
953 22
954 0
955 26
956 0
957 44
958 0
959 24
960 1
961 20
962 0
963 40
964 0
965 29
966 0
967 24
968 0
969 44
970 0
971 22
972 0
973 23
974 0
975 54
976 1
977 23
978 0
979 22
980 0
981 44
982 0
983 15
984 1
985 27
986 0
987 48
988 0
989 26
990 0
991 20
992 0
993 43
994 0
995 25
996 0
997 21
998 0
999 39
1000 1
1001 34
1002 0
1003 23
1004 0
1005 55
1006 0
1007 15
1008 1
1009 22
1010 0
1011 40
1012 0
1013 22
1014 0
1015 34
1016 0
1017 43
1018 0
1019 21
1020 1
1021 21
1022 0
1023 49
1024 0
1025 33
1026 0
1027 23
1028 0
1029 51
1030 0
1031 21
1032 0
1033 20
1034 0
1035 56
1036 0
1037 22
1038 0
1039 19
1040 0
1041 46
1042 0
1043 25
1044 1
1045 33
1046 0
1047 40
1048 1
1049 26
1050 0
1051 20
1052 0
1053 49
1054 0
1055 28
1056 0
1057 26
1058 0
1059 45
1060 0
1061 24
1062 0
1063 23
1064 0
1065 56
1066 0
1067 20
1068 0
1069 18
1070 0
1071 51
1072 0
1073 27
1074 0
1075 30
1076 0
1077 45
1078 0
1079 24
1080 0
1081 18
1082 0
1083 43
1084 1
1085 38
1086 0
1087 23
1088 0
1089 45
1090 0
1091 21
1092 0
1093 20
1094 0
1095 53
1096 1
1097 25
1098 0
1099 26
1100 0
1101 44
1102 0
1103 22
1104 0
1105 32
1106 0
1107 44
1108 0
1109 27
1110 0
1111 21
1112 0
1113 54
1114 0
1115 30
1116 1
1117 23
1118 0
1119 43
1120 0
1121 24
1122 0
1123 26
1124 0
1125 57
1126 0
1127 25
1128 1
1129 23
1130 0
1131 48
1132 0
1133 29
1134 0
1135 31
1136 0
1137 46
1138 0
1139 24
1140 1
1141 25
1142 0
1143 44
1144 1
1145 32
1146 0
1147 23
1148 0
1149 46
1150 0
1151 23
1152 0
1153 20
1154 0
1155 77
1156 1
1157 29
1158 0
1159 23
1160 0
1161 43
1162 0
1163 22
1164 0
1165 29
1166 0
1167 44
1168 0
1169 28
1170 0
1171 20
1172 0
1173 48
1174 0
1175 28
1176 1
1177 27
1178 0
1179 44
1180 0
1181 26
1182 0
1183 28
1184 0
1185 62
1186 0
1187 22
1188 1
1189 23
1190 0
1191 50
1192 0
1193 26
1194 0
1195 27
1196 0
1197 60
1198 0
1199 27
1200 1
1201 21
1202 0
1203 44
1204 1
1205 34
1206 0
1207 25
1208 0
1209 53
1210 0
1211 30
1212 0
1213 21
1214 0
1215 60
1216 1
1217 28
1218 0
1219 25
1220 0
1221 50
1222 0
1223 23
1224 0
1225 34
1226 0
1227 51
1228 1
1229 25
1230 0
1231 25
1232 0
1233 46
1234 0
1235 37
1236 1
1237 27
1238 0
1239 56
1240 1
1241 29
1242 0
1243 31
1244 0
1245 65
1246 0
1247 24
1248 0
1249 23
1250 0
1251 47
1252 0
1253 28
1254 0
1255 34
1256 0
1257 46
1258 0
1259 23
1260 0
1261 25
1262 0
1263 44
1264 1
1265 38
1266 0
1267 31
1268 0
1269 50
1270 0
1271 27
1272 0
1273 25
1274 0
1275 68
1276 0
1277 23
1278 0
1279 22
1280 0
1281 57
1282 0
1283 23
1284 1
1285 32
1286 0
1287 57
1288 1
1289 27
1290 0
1291 22
1292 0
1293 51
1294 0
1295 38
1296 1
1297 28
1298 0
1299 50
1300 0
1301 26
1302 0
1303 28
1304 0
1305 69
1306 0
1307 26
1308 1
1309 34
1310 0
1311 58
1312 0
1313 31
1314 0
1315 34
1316 0
1317 51
1318 0
1319 26
1320 1
1321 25
1322 0
1323 65
1324 1
1325 38
1326 0
1327 30
1328 0
1329 47
1330 0
1331 30
1332 0
1333 28
1334 0
1335 66
1336 0
1337 33
1338 0
1339 27
1340 0
1341 52
1342 0
1343 25
1344 0
1345 33
1346 0
1347 45
1348 1
1349 32
1350 0
1351 27
1352 0
1353 57
1354 0
1355 33
1356 1
1357 26
1358 0
1359 51
1360 0
1361 25
1362 0
1363 28
1364 0
1365 87
1366 0
1367 26
1368 1
1369 24
1370 0
1371 51
1372 0
1373 27
1374 0
1375 35
1376 0
1377 58
1378 0
1379 32
1380 0
1381 25
1382 0
1383 53
1384 1
1385 37
1386 0
1387 29
1388 0
1389 53
1390 0
1391 30
1392 0
1393 31
1394 0
1395 68
1396 0
1397 30
1398 0
1399 27
1400 0
1401 49
1402 0
1403 23
1404 1
1405 33
1406 0
1407 59
1408 0
1409 28
1410 0
1411 26
1412 0
1413 52
1414 0
1415 33
1416 0
1417 24
1418 0
1419 57
1420 1
1421 32
1422 0
1423 28
1424 0
1425 70
1426 0
1427 24
1428 0
1429 27
1430 0
1431 52
1432 0
1433 29
1434 0
1435 42
1436 0
1437 53
1438 0
1439 26
1440 1
1441 27
1442 0
1443 59
1444 0
1445 40
1446 0
1447 24
1448 0
1449 65
1450 0
1451 23
1452 0
1453 29
1454 0
1455 69
1456 1
1457 31
1458 0
1459 25
1460 0
1461 56
1462 0
1463 34
1464 0
1465 32
1466 0
1467 54
1468 1
1469 30
1470 0
1471 27
1472 0
1473 52
1474 0
1475 35
1476 0
1477 32
1478 0
1479 55
1480 1
1481 29
1482 0
1483 29
1484 0
1485 81
1486 0
1487 22
1488 1
1489 28
1490 0
1491 63
1492 0
1493 31
1494 0
1495 43
1496 0
1497 58
1498 0
1499 29
1500 0
1501 28
1502 0
1503 55
1504 1
1505 47
1506 0
1507 32
1508 0
1509 56
1510 0
1511 29
1512 0
1513 34
1514 0
1515 67
1516 1
1517 33
1518 0
1519 35
1520 0
1521 61
1522 0
1523 25
1524 1
1525 35
1526 0
1527 57
1528 0
1529 33
1530 0
1531 25
1532 0
1533 66
1534 0
1535 31
1536 0
1537 30
1538 0
1539 55
1540 1
1541 27
1542 0
1543 29
1544 0
1545 78
1546 0
1547 34
1548 1
1549 27
1550 0
1551 59
1552 0
1553 33
1554 0
1555 39
1556 0
1557 59
1558 0
1559 29
1560 0
1561 34
1562 0
1563 55
1564 0
1565 38
1566 0
1567 30
1568 0
1569 58
1570 0
1571 27
1572 0
1573 36
1574 0
1575 84
1576 1
1577 34
1578 0
1579 28
1580 0
1581 63
1582 0
1583 28
1584 0
1585 44
1586 0
1587 55
1588 0
1589 37
1590 0
1591 28
1592 0
1593 61
1594 0
1595 38
1596 1
1597 30
1598 0
1599 56
1600 0
1601 30
1602 0
1603 32
1604 0
1605 81
1606 0
1607 26
1608 0
1609 27
1610 0
1611 54
1612 0
1613 32
1614 0
1615 39
1616 0
1617 77
1618 0
1619 25
1620 1
1621 29
1622 0
1623 55
1624 1
1625 45
1626 0
1627 30
1628 0
1629 60
1630 0
1631 38
1632 0
1633 34
1634 0
1635 77
1636 0
1637 30
1638 0
1639 32
1640 0
1641 60
1642 0
1643 27
1644 1
1645 50
1646 0
1647 57
1648 1
1649 35
1650 0
1651 31
1652 0
1653 67
1654 0
1655 36
1656 1
1657 31
1658 0
1659 67
1660 1
1661 36
1662 0
1663 30
1664 0
1665 79
1666 0
1667 27
1668 0
1669 29
1670 0
1671 54
1672 0
1673 39
1674 0
1675 42
1676 0
1677 67
1678 0
1679 27
1680 1
1681 34
1682 0
1683 67
1684 0
1685 42
1686 0
1687 33
1688 0
1689 61
1690 0
1691 31
1692 0
1693 30
1694 0
1695 78
1696 0
1697 30
1698 0
1699 28
1700 0
1701 73
1702 0
1703 31
1704 0
1705 46
1706 0
1707 55
1708 1
1709 30
1710 0
1711 29
1712 0
1713 62
1714 0
1715 46
1716 1
1717 32
1718 0
1719 59
1720 1
1721 31
1722 0
1723 32
1724 0
1725 85
1726 0
1727 32
1728 1
1729 41
1730 0
1731 58
1732 0
1733 30
1734 0
1735 39
1736 0
1737 63
1738 0
1739 30
1740 0
1741 31
1742 0
1743 69
1744 0
1745 45
1746 0
1747 37
1748 0
1749 67
1750 0
1751 34
1752 0
1753 29
1754 0
1755 81
1756 1
1757 43
1758 0
1759 35
1760 0
1761 62
1762 0
1763 29
1764 1
1765 42
1766 0
1767 65
1768 1
1769 36
1770 0
1771 40
1772 0
1773 62
1774 0
1775 40
1776 1
1777 31
1778 0
1779 65
1780 0
1781 36
1782 0
1783 28
1784 0
1785 101
1786 0
1787 35
1788 0
1789 31
1790 0
1791 58
1792 0
1793 39
1794 0
1795 40
1796 0
1797 65
1798 0
1799 32
1800 0
1801 30
1802 0
1803 66
1804 0
1805 46
1806 0
1807 36
1808 0
1809 58
1810 0
1811 31
1812 0
1813 35
1814 0
1815 88
1816 1
1817 38
1818 0
1819 30
1820 0
1821 65
1822 0
1823 30
1824 1
1825 41
1826 0
1827 73
1828 0
1829 36
1830 0
1831 28
1832 0
1833 72
1834 0
1835 44
1836 0
1837 34
1838 0
1839 55
1840 1
1841 40
1842 0
1843 32
1844 0
1845 85
1846 0
1847 27
1848 0
1849 33
1850 0
1851 63
1852 0
1853 34
1854 0
1855 48
1856 0
1857 65
1858 0
1859 32
1860 1
1861 33
1862 0
1863 64
1864 0
1865 43
1866 0
1867 29
1868 0
1869 74
1870 0
1871 34
1872 0
1873 30
1874 0
1875 79
1876 1
1877 36
1878 0
1879 29
1880 0
1881 76
1882 0
1883 35
1884 1
1885 49
1886 0
1887 68
1888 0
1889 35
1890 0
1891 31
1892 0
1893 66
1894 0
1895 42
1896 1
1897 37
1898 0
1899 63
1900 0
1901 37
1902 0
1903 34
1904 0
1905 85
1906 0
1907 32
1908 1
1909 33
1910 0
1911 83
1912 0
1913 33
1914 0
1915 39
1916 0
1917 66
1918 0
1919 36
1920 0
1921 35
1922 0
1923 61
1924 0
1925 59
1926 0
1927 36
1928 0
1929 65
1930 0
1931 31
1932 0
1933 33
1934 0
1935 81
1936 1
1937 37
1938 0
1939 37
1940 0
1941 66
1942 0
1943 33
1944 1
1945 43
1946 0
1947 77
1948 0
1949 34
1950 0
1951 27
1952 0
1953 83
1954 0
1955 47
1956 1
1957 33
1958 0
1959 63
1960 0
1961 38
1962 0
1963 33
1964 0
1965 86
1966 0
1967 39
1968 1
1969 35
1970 0
1971 68
1972 0
1973 37
1974 0
1975 41
1976 0
1977 64
1978 0
1979 31
1980 0
1981 39
1982 0
1983 61
1984 1
1985 47
1986 0
1987 33
1988 0
1989 75
1990 0
1991 35
1992 0
1993 32
1994 0
1995 104
1996 1
1997 37
1998 0
1999 30
2000 0
2001 71
2002 0
2003 38
2004 0
2005 42
2006 0
2007 68
2008 0
2009 44
2010 0
2011 32
2012 0
2013 77
2014 0
2015 45
2016 0
2017 33
2018 0
2019 58
2020 1
2021 39
2022 0
2023 46
2024 0
2025 90
2026 0
2027 31
2028 1
2029 33
2030 0
2031 65
2032 0
2033 41
2034 0
2035 48
2036 0
2037 79
2038 0
2039 33
2040 1
2041 37
2042 0
2043 62
2044 1
2045 50
2046 0
2047 34
2048 0
2049 68
2050 0
2051 44
2052 0
2053 32
2054 0
2055 89
2056 0
2057 42
2058 0
2059 34
2060 0
2061 71
2062 0
2063 34
2064 1
2065 55
2066 0
2067 71
2068 1
2069 33
2070 0
2071 32
2072 0
2073 78
2074 0
2075 44
2076 0
2077 33
2078 0
2079 86
2080 1
2081 37
2082 0
2083 33
2084 0
2085 96
2086 0
2087 35
2088 0
2089 31
2090 0
2091 75
2092 0
2093 51
2094 0
2095 46
2096 0
2097 69
2098 0
2099 34
2100 1
2101 44
2102 0
2103 63
2104 1
2105 49
2106 0
2107 45
2108 0
2109 74
2110 0
2111 35
2112 0
2113 37
2114 0
2115 94
2116 0
2117 35
2118 0
2119 35
2120 0
2121 88
2122 0
2123 36
2124 1
2125 52
2126 0
2127 65
2128 1
2129 37
2130 0
2131 32
2132 0
2133 73
2134 0
2135 57
2136 0
2137 35
2138 0
2139 74
2140 1
2141 38
2142 0
2143 37
2144 0
2145 115
2146 0
2147 37
2148 0
2149 43
2150 0
2151 70
2152 0
2153 33
2154 0
2155 47
2156 0
2157 71
2158 0
2159 38
2160 0
2161 34
2162 0
2163 78
2164 0
2165 51
2166 0
2167 44
2168 0
2169 74
2170 0
2171 38
2172 0
2173 40
2174 0
2175 94
2176 1
2177 42
2178 0
2179 36
2180 0
2181 69
2182 0
2183 33
2184 1
2185 53
2186 0
2187 72
2188 1
2189 42
2190 0
2191 40
2192 0
2193 77
2194 0
2195 45
2196 1
2197 39
2198 0
2199 70
2200 0
2201 36
2202 0
2203 33
2204 0
2205 114
2206 0
2207 35
2208 1
2209 38
2210 0
2211 79
2212 0
2213 42
2214 0
2215 44
2216 0
2217 74
2218 0
2219 42
2220 1
2221 35
2222 0
2223 82
2224 0
2225 52
2226 0
2227 41
2228 0
2229 75
2230 0
2231 40
2232 0
2233 49
2234 0
2235 89
2236 1
2237 41
2238 0
2239 33
2240 0
2241 75
2242 0
2243 34
2244 0
2245 46
2246 0
2247 89
2248 1
2249 45
2250 0
2251 34
2252 0
2253 72
2254 0
2255 52
2256 0
2257 44
2258 0
2259 70
2260 1
2261 51
2262 0
2263 38
2264 0
2265 98
2266 0
2267 32
2268 0
2269 34
2270 0
2271 71
2272 0
2273 37
2274 0
2275 61
2276 0
2277 86
2278 0
2279 39
2280 0
2281 35
2282 0
2283 69
2284 0
2285 48
2286 0
2287 40
2288 0
2289 86
2290 0
2291 40
2292 0
2293 42
2294 0
2295 95
2296 0
2297 37
2298 0
2299 44
2300 0
2301 83
2302 0
2303 41
2304 1
2305 49
2306 0
2307 74
2308 1
2309 38
2310 0
2311 35
2312 0
2313 79
2314 0
2315 51
2316 0
2317 43
2318 0
2319 75
2320 0
2321 41
2322 0
2323 38
2324 0
2325 100
2326 0
2327 40
2328 1
2329 39
2330 0
2331 87
2332 0
2333 42
2334 0
2335 49
2336 0
2337 79
2338 0
2339 38
2340 0
2341 35
2342 0
2343 79
2344 1
2345 61
2346 0
2347 41
2348 0
2349 76
2350 0
2351 35
2352 0
2353 41
2354 0
2355 97
2356 0
2357 39
2358 0
2359 45
2360 0
2361 78
2362 0
2363 41
2364 1
2365 55
2366 0
2367 76
2368 0
2369 43
2370 0
2371 40
2372 0
2373 92
2374 0
2375 48
2376 1
2377 39
2378 0
2379 75
2380 0
2381 40
2382 0
2383 38
2384 0
2385 102
2386 0
2387 49
2388 1
2389 34
2390 0
2391 75
2392 0
2393 42
2394 0
2395 49
2396 0
2397 81
2398 0
2399 41
2400 0
2401 42
2402 0
2403 75
2404 1
2405 62
2406 0
2407 37
2408 0
2409 86
2410 0
2411 37
2412 0
2413 44
2414 0
2415 128
2416 0
2417 39
2418 0
2419 38
2420 0
2421 73
2422 0
2423 38
2424 0
2425 48
2426 0
2427 76
2428 1
2429 48
2430 0
2431 49
2432 0
2433 83
2434 0
2435 48
2436 1
2437 41
2438 0
2439 77
2440 0
2441 37
2442 0
2443 44
2444 0
2445 101
2446 0
2447 41
2448 1
2449 40
2450 0
2451 85
2452 0
2453 44
2454 0
2455 52
2456 0
2457 99
2458 0
2459 35
2460 1
2461 40
2462 0
2463 77
2464 1
2465 59
2466 0
2467 40
2468 0
2469 81
2470 0
2471 43
2472 0
2473 41
2474 0
2475 114
2476 1
2477 45
2478 0
2479 42
2480 0
2481 80
2482 0
2483 42
2484 0
2485 61
2486 0
2487 81
2488 0
2489 43
2490 0
2491 40
2492 0
2493 80
2494 0
2495 52
2496 0
2497 41
2498 0
2499 98
2500 1
2501 44
2502 0
2503 39
2504 0
2505 106
2506 0
2507 38
2508 0
2509 39
2510 0
2511 74
2512 0
2513 46
2514 0
2515 53
2516 0
2517 77
2518 0
2519 41
2520 1
2521 43
2522 0
2523 77
2524 0
2525 51
2526 0
2527 50
2528 0
2529 76
2530 0
2531 42
2532 0
2533 42
2534 0
2535 110
2536 0
2537 41
2538 0
2539 39
2540 0
2541 105
2542 0
2543 34
2544 0
2545 49
2546 0
2547 74
2548 0
2549 39
2550 0
2551 38
2552 0
2553 81
2554 0
2555 58
2556 1
2557 40
2558 0
2559 76
2560 1
2561 47
2562 0
2563 42
2564 0
2565 114
2566 0
2567 42
2568 1
2569 48
2570 0
2571 79
2572 0
2573 41
2574 0
2575 51
2576 0
2577 75
2578 0
2579 39
2580 1
2581 41
2582 0
2583 96
2584 1
2585 66
2586 0
2587 42
2588 0
2589 83
2590 0
2591 38
2592 0
2593 42
2594 0
2595 103
2596 1
2597 51
2598 0
2599 43
2600 0
2601 86
2602 0
2603 40
2604 1
2605 56
2606 0
2607 86
2608 1
2609 45
2610 0
2611 45
2612 0
2613 92
2614 0
2615 57
2616 1
2617 37
2618 0
2619 86
2620 0
2621 35
2622 0
2623 39
2624 0
2625 133
2626 0
2627 41
2628 0
2629 41
2630 0
2631 77
2632 0
2633 44
2634 0
2635 60
2636 0
2637 82
2638 0
2639 54
2640 1
2641 42
2642 0
2643 87
2644 1
2645 59
2646 0
2647 43
2648 0
2649 77
2650 0
2651 46
2652 0
2653 52
2654 0
2655 102
2656 1
2657 44
2658 0
2659 40
2660 0
2661 78
2662 0
2663 40
2664 0
2665 62
2666 0
2667 99
2668 0
2669 49
2670 0
2671 39
2672 0
2673 94
2674 0
2675 51
2676 0
2677 43
2678 0
2679 81
2680 0
2681 53
2682 0
2683 41
2684 0
2685 107
2686 0
2687 35
2688 0
2689 42
2690 0
2691 92
2692 0
2693 43
2694 0
2695 72
2696 0
2697 90
2698 0
2699 43
2700 0
2701 45
2702 0
2703 87
2704 0
2705 54
2706 0
2707 41
2708 0
2709 98
2710 0
2711 40
2712 0
2713 43
2714 0
2715 103
2716 0
2717 55
2718 0
2719 42
2720 0
2721 82
2722 0
2723 46
2724 1
2725 60
2726 0
2727 79
2728 0
2729 45
2730 0
2731 37
2732 0
2733 83
2734 0
2735 57
2736 1
2737 53
2738 0
2739 90
2740 0
2741 50
2742 0
2743 44
2744 0
2745 120
2746 0
2747 41
2748 1
2749 42
2750 0
2751 101
2752 0
2753 46
2754 0
2755 61
2756 0
2757 87
2758 0
2759 46
2760 0
2761 43
2762 0
2763 80
2764 1
2765 71
2766 0
2767 45
2768 0
2769 90
2770 0
2771 44
2772 0
2773 43
2774 0
2775 111
2776 0
2777 45
2778 0
2779 46
2780 0
2781 88
2782 0
2783 49
2784 0
2785 51
2786 0
2787 81
2788 0
2789 43
2790 0
2791 43
2792 0
2793 105
2794 0
2795 62
2796 0
2797 39
2798 0
2799 79
2800 1
2801 46
2802 0
2803 44
2804 0
2805 131
2806 0
2807 45
2808 0
2809 43
2810 0
2811 89
2812 0
2813 50
2814 0
2815 58
2816 0
2817 77
2818 0
2819 40
2820 1
2821 54
2822 0
2823 84
2824 0
2825 58
2826 0
2827 47
2828 0
2829 93
2830 0
2831 46
2832 0
2833 41
2834 0
2835 130
2836 0
2837 45
2838 0
2839 46
2840 0
2841 81
2842 0
2843 39
2844 0
2845 53
2846 0
2847 94
2848 1
2849 61
2850 0
2851 44
2852 0
2853 86
2854 0
2855 52
2856 1
2857 44
2858 0
2859 87
2860 1
2861 44
2862 0
2863 52
2864 0
2865 117
2866 0
2867 41
2868 1
2869 43
2870 0
2871 102
2872 0
2873 50
2874 0
2875 57
2876 0
2877 102
2878 0
2879 40
2880 1
2881 41
2882 0
2883 88
2884 0
2885 59
2886 0
2887 43
2888 0
2889 84
2890 0
2891 56
2892 0
2893 42
2894 0
2895 109
2896 1
2897 51
2898 0
2899 49
2900 0
2901 88
2902 0
2903 41
2904 1
2905 66
2906 0
2907 96
2908 1
2909 50
2910 0
2911 45
2912 0
2913 96
2914 0
2915 60
2916 0
2917 39
2918 0
2919 106
2920 1
2921 48
2922 0
2923 50
2924 0
2925 126
2926 0
2927 44
2928 0
2929 43
2930 0
2931 89
2932 0
2933 55
2934 0
2935 58
2936 0
2937 98
2938 0
2939 41
2940 0
2941 45
2942 0
2943 83
2944 1
2945 66
2946 0
2947 60
2948 0
2949 93
2950 0
2951 48
2952 0
2953 45
2954 0
2955 113
2956 0
2957 40
2958 0
2959 47
2960 0
2961 105
2962 0
2963 42
2964 1
2965 60
2966 0
2967 88
2968 1
2969 45
2970 0
2971 43
2972 0
2973 90
2974 0
2975 74
2976 1
2977 48
2978 0
2979 91
2980 1
2981 49
2982 0
2983 49
2984 0
2985 121
2986 0
2987 40
2988 1
2989 52
2990 0
2991 91
2992 0
2993 47
2994 0
2995 61
2996 0
2997 92
2998 0
2999 43
3000 1
3001 48
3002 0
3003 125
3004 0
3005 65
3006 0
3007 48
3008 0
3009 95
3010 0
3011 46
3012 0
3013 48
3014 0
3015 120
3016 0
3017 58
3018 0
3019 45
3020 0
3021 93
3022 0
3023 41
3024 1
3025 66
3026 0
3027 88
3028 0
3029 51
3030 0
3031 51
3032 0
3033 91
3034 0
3035 55
3036 0
3037 46
3038 0
3039 93
3040 0
3041 43
3042 0
3043 48
3044 0
3045 146
3046 0
3047 45
3048 1
3049 43
3050 0
3051 86
3052 0
3053 51
3054 0
3055 64
3056 0
3057 91
3058 0
3059 64
3060 0
3061 44
3062 0
3063 86
3064 1
3065 66
3066 0
3067 47
3068 0
3069 98
3070 0
3071 51
3072 0
3073 57
3074 0
3075 122
3076 0
3077 49
3078 0
3079 46
3080 0
3081 97
3082 0
3083 39
3084 0
3085 64
3086 0
3087 101
3088 1
3089 51
3090 0
3091 49
3092 0
3093 98
3094 0
3095 60
3096 0
3097 48
3098 0
3099 88
3100 1
3101 53
3102 0
3103 49
3104 0
3105 124
3106 0
3107 42
3108 1
3109 45
3110 0
3111 96
3112 0
3113 52
3114 0
3115 70
3116 0
3117 96
3118 0
3119 42
3120 1
3121 47
3122 0
3123 89
3124 0
3125 61
3126 0
3127 46
3128 0
3129 108
3130 0
3131 47
3132 0
3133 49
3134 0
3135 136
3136 1
3137 46
3138 0
3139 44
3140 0
3141 91
3142 0
3143 56
3144 1
3145 63
3146 0
3147 91
3148 0
3149 51
3150 0
3151 52
3152 0
3153 90
3154 0
3155 59
3156 0
3157 58
3158 0
3159 98
3160 1
3161 49
3162 0
3163 48
3164 0
3165 122
3166 0
3167 41
3168 1
3169 46
3170 0
3171 110
3172 0
3173 54
3174 0
3175 64
3176 0
3177 97
3178 0
3179 57
3180 0
3181 42
3182 0
3183 90
3184 0
3185 80
3186 0
3187 46
3188 0
3189 93
3190 0
3191 49
3192 0
3193 45
3194 0
3195 123
3196 1
3197 50
3198 0
3199 54
3200 0
3201 105
3202 0
3203 50
3204 1
3205 60
3206 0
3207 89
3208 0
3209 50
3210 0
3211 52
3212 0
3213 121
3214 0
3215 62
3216 1
3217 51
3218 0
3219 97
3220 1
3221 49
3222 0
3223 52
3224 0
3225 132
3226 0
3227 55
3228 1
3229 47
3230 0
3231 100
3232 0
3233 51
3234 0
3235 62
3236 0
3237 99
3238 0
3239 49
3240 1
3241 59
3242 0
3243 105
3244 1
3245 71
3246 0
3247 48
3248 0
3249 99
3250 0
3251 48
3252 0
3253 46
3254 0
3255 155
3256 1
3257 49
3258 0
3259 53
3260 0
3261 92
3262 0
3263 52
3264 0
3265 62
3266 0
3267 104
3268 0
3269 64
3270 0
3271 45
3272 0
3273 98
3274 0
3275 62
3276 1
3277 53
3278 0
3279 103
3280 0
3281 48
3282 0
3283 55
3284 0
3285 126
3286 0
3287 48
3288 0
3289 57
3290 0
3291 90
3292 0
3293 50
3294 0
3295 58
3296 0
3297 114
3298 0
3299 51
3300 0
3301 48
3302 0
3303 96
3304 0
3305 63
3306 0
3307 46
3308 0
3309 92
3310 0
3311 64
3312 0
3313 44
3314 0
3315 146
3316 1
3317 52
3318 0
3319 47
3320 0
3321 95
3322 0
3323 54
3324 0
3325 81
3326 0
3327 94
3328 1
3329 50
3330 0
3331 41
3332 0
3333 112
3334 0
3335 66
3336 1
3337 56
3338 0
3339 109
3340 1
3341 56
3342 0
3343 49
3344 0
3345 127
3346 0
3347 49
3348 0
3349 49
3350 0
3351 92
3352 0
3353 67
3354 0
3355 73
3356 0
3357 101
3358 0
3359 42
3360 0
3361 54
3362 0
3363 104
3364 0
3365 68
3366 0
3367 63
3368 0
3369 93
3370 0
3371 48
3372 0
3373 43
3374 0
3375 128
3376 0
3377 55
3378 0
3379 42
3380 0
3381 123
3382 0
3383 52
3384 0
3385 64
3386 0
3387 95
3388 1
3389 52
3390 0
3391 48
3392 0
3393 113
3394 0
3395 74
3396 1
3397 52
3398 0
3399 103
3400 1
3401 49
3402 0
3403 50
3404 0
3405 128
3406 0
3407 47
3408 0
3409 56
3410 0
3411 97
3412 0
3413 49
3414 0
3415 66
3416 0
3417 111
3418 0
3419 59
3420 1
3421 55
3422 0
3423 111
3424 0
3425 72
3426 0
3427 54
3428 0
3429 99
3430 0
3431 50
3432 0
3433 46
3434 0
3435 128
3436 0
3437 60
3438 0
3439 47
3440 0
3441 101
3442 0
3443 48
3444 1
3445 72
3446 0
3447 94
3448 1
3449 50
3450 0
3451 62
3452 0
3453 96
3454 0
3455 71
3456 0
3457 47
3458 0
3459 91
3460 0
3461 44
3462 0
3463 48
3464 0
3465 169
3466 0
3467 46
3468 1
3469 50
3470 0
3471 108
3472 0
3473 59
3474 0
3475 63
3476 0
3477 111
3478 0
3479 61
3480 0
3481 52
3482 0
3483 101
3484 1
3485 72
3486 0
3487 55
3488 0
3489 99
3490 0
3491 47
3492 0
3493 59
3494 0
3495 131
3496 1
3497 59
3498 0
3499 47
3500 0
3501 99
3502 0
3503 50
3504 0
3505 71
3506 0
3507 117
3508 1
3509 58
3510 0
3511 51
3512 0
3513 100
3514 0
3515 70
3516 0
3517 49
3518 0
3519 105
3520 1
3521 60
3522 0
3523 57
3524 0
3525 140
3526 0
3527 48
3528 0
3529 51
3530 0
3531 111
3532 0
3533 51
3534 0
3535 78
3536 0
3537 105
3538 0
3539 48
3540 0
3541 50
3542 0
3543 93
3544 0
3545 65
3546 0
3547 52
3548 0
3549 133
3550 0
3551 56
3552 0
3553 66
3554 0
3555 126
3556 1
3557 50
3558 0
3559 49
3560 0
3561 103
3562 0
3563 58
3564 0
3565 73
3566 0
3567 109
3568 1
3569 53
3570 0
3571 53
3572 0
3573 99
3574 0
3575 78
3576 1
3577 68
3578 0
3579 98
3580 1
3581 51
3582 0
3583 52
3584 0
3585 141
3586 0
3587 54
3588 0
3589 54
3590 0
3591 130
3592 0
3593 55
3594 0
3595 67
3596 0
3597 114
3598 0
3599 50
3600 0
3601 53
3602 0
3603 98
3604 1
3605 81
3606 0
3607 59
3608 0
3609 101
3610 0
3611 52
3612 0
3613 53
3614 0
3615 130
3616 0
3617 52
3618 0
3619 70
3620 0
3621 113
3622 0
3623 53
3624 1
3625 75
3626 0
3627 115
3628 0
3629 54
3630 0
3631 48
3632 0
3633 123
3634 0
3635 68
3636 0
3637 56
3638 0
3639 97
3640 0
3641 60
3642 0
3643 52
3644 0
3645 134
3646 0
3647 62
3648 1
3649 50
3650 0
3651 102
3652 0
3653 63
3654 0
3655 69
3656 0
3657 106
3658 0
3659 52
3660 0
3661 63
3662 0
3663 121
3664 1
3665 75
3666 0
3667 54
3668 0
3669 104
3670 0
3671 53
3672 0
3673 52
3674 0
3675 159
3676 0
3677 54
3678 0
3679 55
3680 0
3681 107
3682 0
3683 56
3684 0
3685 79
3686 0
3687 95
3688 0
3689 68
3690 0
3691 50
3692 0
3693 106
3694 0
3695 60
3696 1
3697 52
3698 0
3699 100
3700 0
3701 51
3702 0
3703 66
3704 0
3705 160
3706 0
3707 58
3708 0
3709 48
3710 0
3711 98
3712 0
3713 50
3714 0
3715 67
3716 0
3717 123
3718 0
3719 47
3720 0
3721 48
3722 0
3723 106
3724 1
3725 74
3726 0
3727 49
3728 0
3729 118
3730 0
3731 66
3732 0
3733 56
3734 0
3735 138
3736 1
3737 56
3738 0
3739 57
3740 0
3741 100
3742 0
3743 50
3744 1
3745 85
3746 0
3747 104
3748 1
3749 57
3750 0
3751 58
3752 0
3753 113
3754 0
3755 75
3756 1
3757 61
3758 0
3759 125
3760 1
3761 50
3762 0
3763 54
3764 0
3765 139
3766 0
3767 51
3768 0
3769 50
3770 0
3771 102
3772 0
3773 72
3774 0
3775 73
3776 0
3777 105
3778 0
3779 48
3780 1
3781 58
3782 0
3783 112
3784 0
3785 73
3786 0
3787 62
3788 0
3789 107
3790 0
3791 54
3792 0
3793 58
3794 0
3795 154
3796 0
3797 53
3798 0
3799 50
3800 0
3801 121
3802 0
3803 52
3804 1
3805 70
3806 0
3807 105
3808 0
3809 56
3810 0
3811 53
3812 0
3813 112
3814 0
3815 83
3816 1
3817 64
3818 0
3819 112
3820 0
3821 53
3822 0
3823 45
3824 0
3825 146
3826 0
3827 52
3828 1
3829 59
3830 0
3831 112
3832 0
3833 60
3834 0
3835 78
3836 0
3837 106
3838 0
3839 64
3840 0
3841 55
3842 0
3843 127
3844 0
3845 73
3846 0
3847 55
3848 0
3849 105
3850 0
3851 57
3852 0
3853 54
3854 0
3855 137
3856 0
3857 74
3858 0
3859 58
3860 0
3861 128
3862 0
3863 45
3864 1
3865 65
3866 0
3867 103
3868 1
3869 57
3870 0
3871 62
3872 0
3873 112
3874 0
3875 76
3876 0
3877 55
3878 0
3879 105
3880 0
3881 53
3882 0
3883 57
3884 0
3885 180
3886 0
3887 59
3888 0
3889 53
3890 0
3891 104
3892 0
3893 61
3894 0
3895 73
3896 0
3897 108
3898 0
3899 59
3900 1
3901 52
3902 0
3903 111
3904 1
3905 83
3906 0
3907 55
3908 0
3909 101
3910 0
3911 55
3912 0
3913 70
3914 0
3915 150
3916 0
3917 54
3918 0
3919 53
3920 0
3921 107
3922 0
3923 55
3924 0
3925 78
3926 0
3927 146
3928 0
3929 58
3930 0
3931 47
3932 0
3933 125
3934 0
3935 69
3936 0
3937 54
3938 0
3939 115
3940 0
3941 61
3942 0
3943 54
3944 0
3945 144
3946 0
3947 46
3948 1
3949 59
3950 0
3951 108
3952 0
3953 64
3954 0
3955 82
3956 0
3957 111
3958 0
3959 55
3960 1
3961 56
3962 0
3963 103
3964 0
3965 79
3966 0
3967 49
3968 0
3969 130
3970 0
3971 65
3972 0
3973 59
3974 0
3975 137
3976 1
3977 56
3978 0
3979 56
3980 0
3981 107
3982 0
3983 62
3984 0
3985 65
3986 0
3987 108
3988 1
3989 59
3990 0
3991 53
3992 0
3993 121
3994 0
3995 79
3996 1
3997 65
3998 0
3999 115
4000 1
4001 57
4002 0
4003 61
4004 0
4005 151
4006 0
4007 54
4008 1
4009 56
4010 0
4011 128
4012 0
4013 61
4014 0
4015 81
4016 0
4017 123
4018 0
4019 56
4020 0
4021 55
4022 0
4023 103
4024 1
4025 93
4026 0
4027 53
4028 0
4029 127
4030 0
4031 56
4032 0
4033 56
4034 0
4035 140
4036 1
4037 66
4038 0
4039 66
4040 0
4041 118
4042 0
4043 58
4044 0
4045 73
4046 0
4047 115
4048 0
4049 61
4050 0
4051 53
4052 0
4053 137
4054 0
4055 73
4056 1
4057 62
4058 0
4059 120
4060 1
4061 64
4062 0
4063 62
4064 0
4065 145
4066 0
4067 64
4068 0
4069 62
4070 0
4071 115
4072 0
4073 58
4074 0
4075 73
4076 0
4077 117
4078 0
4079 54
4080 1
4081 82
4082 0
4083 111
4084 0
4085 84
4086 0
4087 60
4088 0
4089 114
4090 0
4091 57
4092 0
4093 54
4094 0
4095 188
4096 0
4097 61
4098 0
4099 54
4100 0
4101 111
4102 0
4103 58
4104 0
4105 75
4106 0
4107 108
4108 1
4109 68
4110 0
4111 54
4112 0
4113 114
4114 0
4115 68
4116 0
4117 60
4118 0
4119 102
4120 0
4121 58
4122 0
4123 70
4124 0
4125 166
4126 0
4127 51
4128 1
4129 56
4130 0
4131 114
4132 0
4133 61
4134 0
4135 74
4136 0
4137 136
4138 0
4139 54
4140 1
4141 58
4142 0
4143 111
4144 0
4145 74
4146 0
4147 68
4148 0
4149 111
4150 0
4151 72
4152 0
4153 57
4154 0
4155 144
4156 0
4157 60
4158 0
4159 58
4160 0
4161 115
4162 0
4163 58
4164 1
4165 97
4166 0
4167 115
4168 1
4169 67
4170 0
4171 59
4172 0
4173 129
4174 0
4175 71
4176 1
4177 56
4178 0
4179 136
4180 1
4181 62
4182 0
4183 59
4184 0
4185 160
4186 0
4187 59
4188 0
4189 53
4190 0
4191 121
4192 0
4193 77
4194 0
4195 74
4196 0
4197 115
4198 0
4199 64
4200 1
4201 59
4202 0
4203 109
4204 0
4205 81
4206 0
4207 70
4208 0
4209 126
4210 0
4211 60
4212 0
4213 64
4214 0
4215 151
4216 0
4217 59
4218 0
4219 55
4220 0
4221 135
4222 0
4223 59
4224 1
4225 83
4226 0
4227 109
4228 1
4229 58
4230 0
4231 54
4232 0
4233 129
4234 0
4235 102
4236 0
4237 62
4238 0
4239 111
4240 0
4241 57
4242 0
4243 53
4244 0
4245 148
4246 0
4247 60
4248 0
4249 65
4250 0
4251 126
4252 0
4253 60
4254 0
4255 78
4256 0
4257 134
4258 0
4259 57
4260 1
4261 51
4262 0
4263 139
4264 1
4265 80
4266 0
4267 62
4268 0
4269 114
4270 0
4271 60
4272 0
4273 54
4274 0
4275 154
4276 1
4277 81
4278 0
4279 69
4280 0
4281 118
4282 0
4283 48
4284 1
4285 80
4286 0
4287 113
4288 1
4289 60
4290 0
4291 65
4292 0
4293 119
4294 0
4295 73
4296 0
4297 55
4298 0
4299 120
4300 0
4301 73
4302 0
4303 64
4304 0
4305 194
4306 0
4307 55
4308 1
4309 54
4310 0
4311 118
4312 0
4313 63
4314 0
4315 78
4316 0
4317 119
4318 0
4319 73
4320 0
4321 56
4322 0
4323 124
4324 1
4325 85
4326 0
4327 63
4328 0
4329 127
4330 0
4331 61
4332 0
4333 68
4334 0
4335 163
4336 0
4337 59
4338 0
4339 59
4340 0
4341 119
4342 0
4343 62
4344 0
4345 85
4346 0
4347 137
4348 0
4349 62
4350 0
4351 63
4352 0
4353 117
4354 0
4355 82
4356 0
4357 54
4358 0
4359 112
4360 1
4361 69
4362 0
4363 62
4364 0
4365 162
4366 0
4367 59
4368 0
4369 58
4370 0
4371 127
4372 0
4373 59
4374 0
4375 93
4376 0
4377 120
4378 0
4379 58
4380 0
4381 56
4382 0
4383 112
4384 0
4385 78
4386 0
4387 58
4388 0
4389 158
4390 0
4391 58
4392 0
4393 59
4394 0
4395 149
4396 0
4397 61
4398 0
4399 58
4400 0
4401 112
4402 0
4403 70
4404 0
4405 83
4406 0
4407 122
4408 1
4409 63
4410 0
4411 65
4412 0
4413 121
4414 0
4415 72
4416 1
4417 76
4418 0
4419 121
4420 0
4421 57
4422 0
4423 63
4424 0
4425 155
4426 0
4427 57
4428 1
4429 63
4430 0
4431 134
4432 0
4433 77
4434 0
4435 75
4436 0
4437 130
4438 0
4439 61
4440 0
4441 56
4442 0
4443 117
4444 1
4445 94
4446 0
4447 62
4448 0
4449 116
4450 0
4451 59
4452 0
4453 61
4454 0
4455 178
4456 0
4457 64
4458 0
4459 79
4460 0
4461 118
4462 0
4463 56
4464 0
4465 83
4466 0
4467 118
4468 0
4469 67
4470 0
4471 61
4472 0
4473 142
4474 0
4475 79
4476 1
4477 69
4478 0
4479 115
4480 1
4481 61
4482 0
4483 59
4484 0
4485 177
4486 0
4487 67
4488 1
4489 64
4490 0
4491 111
4492 0
4493 64
4494 0
4495 82
4496 0
4497 119
4498 0
4499 62
4500 0
4501 63
4502 0
4503 127
4504 1
4505 89
4506 0
4507 63
4508 0
4509 116
4510 0
4511 63
4512 0
4513 62
4514 0
4515 186
4516 0
4517 61
4518 0
4519 62
4520 0
4521 124
4522 0
4523 54
4524 0
4525 72
4526 0
4527 117
4528 0
4529 72
4530 0
4531 67
4532 0
4533 121
4534 0
4535 67
4536 1
4537 70
4538 0
4539 124
4540 1
4541 65
4542 0
4543 83
4544 0
4545 164
4546 0
4547 59
4548 1
4549 63
4550 0
4551 121
4552 0
4553 66
4554 0
4555 86
4556 0
4557 148
4558 0
4559 57
4560 0
4561 57
4562 0
4563 123
4564 1
4565 92
4566 0
4567 63
4568 0
4569 121
4570 0
4571 76
4572 0
4573 62
4574 0
4575 159
4576 1
4577 62
4578 0
4579 64
4580 0
4581 118
4582 0
4583 54
4584 0
4585 89
4586 0
4587 132
4588 1
4589 73
4590 0
4591 62
4592 0
4593 124
4594 0
4595 78
4596 1
4597 63
4598 0
4599 148
4600 0
4601 64
4602 0
4603 63
4604 0
4605 162
4606 0
4607 62
4608 0
4609 65
4610 0
4611 124
4612 0
4613 78
4614 0
4615 88
4616 0
4617 130
4618 0
4619 59
4620 1
4621 61
4622 0
4623 129
4624 1
4625 88
4626 0
4627 70
4628 0
4629 122
4630 0
4631 68
4632 0
4633 60
4634 0
4635 157
4636 0
4637 66
4638 0
4639 58
4640 0
4641 167
4642 0
4643 56
4644 0
4645 77
4646 0
4647 116
4648 0
4649 63
4650 0
4651 56
4652 0
4653 138
4654 0
4655 99
4656 0
4657 61
4658 0
4659 122
4660 0
4661 63
4662 0
4663 60
4664 0
4665 158
4666 0
4667 62
4668 1
4669 82
4670 0
4671 118
4672 0
4673 67
4674 0
4675 99
4676 0
4677 125
4678 0
4679 61
4680 1
4681 65
4682 0
4683 150
4684 1
4685 92
4686 0
4687 63
4688 0
4689 122
4690 0
4691 59
4692 0
4693 65
4694 0
4695 158
4696 1
4697 86
4698 0
4699 66
4700 0
4701 125
4702 0
4703 49
4704 1
4705 83
4706 0
4707 123
4708 0
4709 71
4710 0
4711 70
4712 0
4713 129
4714 0
4715 83
4716 1
4717 67
4718 0
4719 149
4720 0
4721 67
4722 0
4723 61
4724 0
4725 196
4726 0
4727 60
4728 0
4729 60
4730 0
4731 130
4732 0
4733 70
4734 0
4735 81
4736 0
4737 127
4738 0
4739 75
4740 0
4741 65
4742 0
4743 130
4744 1
4745 102
4746 0
4747 60
4748 0
4749 115
4750 0
4751 57
4752 0
4753 74
4754 0
4755 162
4756 1
4757 68
4758 0
4759 66
4760 0
4761 127
4762 0
4763 65
4764 1
4765 86
4766 0
4767 146
4768 1
4769 70
4770 0
4771 68
4772 0
4773 142
4774 0
4775 78
4776 0
4777 64
4778 0
4779 125
4780 1
4781 70
4782 0
4783 67
4784 0
4785 196
4786 0
4787 55
4788 1
4789 59
4790 0
4791 126
4792 0
4793 64
4794 0
4795 100
4796 0
4797 144
4798 0
4799 61
4800 1
4801 57
4802 0
4803 123
4804 0
4805 85
4806 0
4807 73
4808 0
4809 155
4810 0
4811 65
4812 0
4813 67
4814 0
4815 165
4816 0
4817 71
4818 0
4819 67
4820 0
4821 123
4822 0
4823 80
4824 1
4825 87
4826 0
4827 129
4828 0
4829 75
4830 0
4831 69
4832 0
4833 126
4834 0
4835 76
4836 1
4837 75
4838 0
4839 131
4840 0
4841 68
4842 0
4843 70
4844 0
4845 190
4846 0
4847 62
4848 1
4849 69
4850 0
4851 159
4852 0
4853 72
4854 0
4855 82
4856 0
4857 130
4858 0
4859 68
4860 0
4861 60
4862 0
4863 125
4864 0
4865 106
4866 0
4867 67
4868 0
4869 124
4870 0
4871 65
4872 0
4873 66
4874 0
4875 179
4876 1
4877 72
4878 0
4879 82
4880 0
4881 128
4882 0
4883 67
4884 1
4885 81
4886 0
4887 117
4888 0
4889 66
4890 0
4891 63
4892 0
4893 157
4894 0
4895 95
4896 1
4897 62
4898 0
4899 134
4900 0
4901 72
4902 0
4903 60
4904 0
4905 169
4906 0
4907 73
4908 0
4909 63
4910 0
4911 122
4912 0
4913 76
4914 0
4915 80
4916 0
4917 143
4918 0
4919 58
4920 1
4921 76
4922 0
4923 130
4924 0
4925 89
4926 0
4927 69
4928 0
4929 131
4930 0
4931 64
4932 0
4933 61
4934 0
4935 201
4936 1
4937 69
4938 0
4939 72
4940 0
4941 125
4942 0
4943 66
4944 0
4945 89
4946 0
4947 132
4948 1
4949 82
4950 0
4951 68
4952 0
4953 133
4954 0
4955 78
4956 1
4957 70
4958 0
4959 131
4960 0
4961 69
4962 0
4963 79
4964 0
4965 174
4966 0
4967 58
4968 0
4969 62
4970 0
4971 132
4972 0
4973 69
4974 0
4975 85
4976 0
4977 166
4978 0
4979 70
4980 0
4981 59
4982 0
4983 143
4984 0
4985 92
4986 0
4987 60
4988 0
4989 133
4990 0
4991 84
4992 0
4993 67
4994 0
4995 178
4996 0
4997 74
4998 0
4999 66
5000 0
5001 124
5002 0
5003 65
5004 0
5005 119
5006 0
5007 124
5008 1
5009 66
5010 0
5011 62
5012 0
5013 135
5014 0
5015 91
5016 0
5017 71
5018 0
5019 150
5020 0
5021 68
5022 0
5023 65
5024 0
5025 176
5026 0
5027 74
5028 0
5029 62
5030 0
5031 137
5032 0
5033 80
5034 0
5035 94
5036 0
5037 140
5038 0
5039 62
5040 0
5041 63
5042 0
5043 122
5044 1
5045 90
5046 0
5047 79
5048 0
5049 154
5050 0
5051 65
5052 0
5053 65
5054 0
5055 166
5056 0
5057 73
5058 0
5059 63
5060 0
5061 156
5062 0
5063 65
5064 1
5065 91
5066 0
5067 118
5068 0
5069 65
5070 0
5071 64
5072 0
5073 138
5074 0
5075 97
5076 0
5077 61
5078 0
5079 131
5080 1
5081 67
5082 0
5083 78
5084 0
5085 171
5086 0
5087 60
5088 1
5089 74
5090 0
5091 133
5092 0
5093 78
5094 0
5095 85
5096 0
5097 134
5098 0
5099 61
5100 1
5101 65
5102 0
5103 151
5104 1
5105 93
5106 0
5107 64
5108 0
5109 150
5110 0
5111 68
5112 0
5113 66
5114 0
5115 186
5116 1
5117 89
5118 0
5119 67
5120 0
5121 133
5122 0
5123 65
5124 0
5125 90
5126 0
5127 131
5128 0
5129 72
5130 0
5131 76
5132 0
5133 135
5134 0
5135 94
5136 0
5137 70
5138 0
5139 133
5140 0
5141 72
5142 0
5143 68
5144 0
5145 209
5146 0
5147 58
5148 0
5149 67
5150 0
5151 137
5152 0
5153 67
5154 0
5155 81
5156 0
5157 136
5158 0
5159 83
5160 1
5161 74
5162 0
5163 121
5164 0
5165 88
5166 0
5167 61
5168 0
5169 129
5170 0
5171 62
5172 0
5173 74
5174 0
5175 176
5176 0
5177 73
5178 0
5179 62
5180 0
5181 146
5182 0
5183 65
5184 1
5185 98
5186 0
5187 171
5188 1
5189 70
5190 0
5191 63
5192 0
5193 138
5194 0
5195 87
5196 0
5197 68
5198 0
5199 131
5200 0
5201 80
5202 0
5203 82
5204 0
5205 176
5206 0
5207 65
5208 0
5209 62
5210 0
5211 135
5212 0
5213 73
5214 0
5215 102
5216 0
5217 137
5218 0
5219 66
5220 1
5221 65
5222 0
5223 127
5224 0
5225 109
5226 0
5227 66
5228 0
5229 158
5230 0
5231 63
5232 0
5233 67
5234 0
5235 169
5236 1
5237 75
5238 0
5239 75
5240 0
5241 133
5242 0
5243 79
5244 1
5245 87
5246 0
5247 141
5248 0
5249 76
5250 0
5251 62
5252 0
5253 146
5254 0
5255 89
5256 0
5257 71
5258 0
5259 128
5260 0
5261 75
5262 0
5263 69
5264 0
5265 198
5266 0
5267 67
5268 1
5269 69
5270 0
5271 161
5272 0
5273 71
5274 0
5275 88
5276 0
5277 135
5278 0
5279 69
5280 0
5281 61
5282 0
5283 138
5284 0
5285 113
5286 0
5287 69
5288 0
5289 137
5290 0
5291 82
5292 0
5293 69
5294 0
5295 170
5296 1
5297 70
5298 0
5299 81
5300 0
5301 146
5302 0
5303 62
5304 0
5305 83
5306 0
5307 136
5308 0
5309 66
5310 0
5311 60
5312 0
5313 187
5314 0
5315 79
5316 1
5317 73
5318 0
5319 135
5320 1
5321 72
5322 0
5323 67
5324 0
5325 175
5326 0
5327 77
5328 1
5329 69
5330 0
5331 135
5332 0
5333 70
5334 0
5335 96
5336 0
5337 134
5338 0
5339 67
5340 0
5341 82
5342 0
5343 145
5344 1
5345 94
5346 0
5347 67
5348 0
5349 136
5350 0
5351 66
5352 0
5353 70
5354 0
5355 225
5356 1
5357 77
5358 0
5359 70
5360 0
5361 132
5362 0
5363 62
5364 0
5365 89
5366 0
5367 132
5368 1
5369 90
5370 0
5371 72
5372 0
5373 140
5374 0
5375 82
5376 1
5377 70
5378 0
5379 144
5380 1
5381 70
5382 0
5383 83
5384 0
5385 178
5386 0
5387 63
5388 1
5389 69
5390 0
5391 132
5392 0
5393 73
5394 0
5395 99
5396 0
5397 169
5398 0
5399 66
5400 1
5401 68
5402 0
5403 131
5404 0
5405 99
5406 0
5407 64
5408 0
5409 140
5410 0
5411 77
5412 0
5413 64
5414 0
5415 189
5416 1
5417 73
5418 0
5419 65
5420 0
5421 146
5422 0
5423 79
5424 1
5425 112
5426 0
5427 136
5428 1
5429 73
5430 0
5431 73
5432 0
5433 147
5434 0
5435 89
5436 0
5437 72
5438 0
5439 160
5440 1
5441 78
5442 0
5443 71
5444 0
5445 209
5446 0
5447 70
5448 0
5449 69
5450 0
5451 139
5452 0
5453 96
5454 0
5455 98
5456 0
5457 146
5458 0
5459 67
5460 1
5461 69
5462 0
5463 127
5464 1
5465 93
5466 0
5467 95
5468 0
5469 134
5470 0
5471 70
5472 0
5473 73
5474 0
5475 186
5476 0
5477 70
5478 0
5479 69
5480 0
5481 168
5482 0
5483 70
5484 1
5485 95
5486 0
5487 142
5488 0
5489 80
5490 0
5491 78
5492 0
5493 146
5494 0
5495 106
5496 0
5497 75
5498 0
5499 151
5500 1
5501 75
5502 0
5503 70
5504 0
5505 183
5506 0
5507 69
5508 1
5509 85
5510 0
5511 159
5512 0
5513 78
5514 0
5515 89
5516 0
5517 141
5518 0
5519 64
5520 0
5521 67
5522 0
5523 162
5524 0
5525 116
5526 0
5527 68
5528 0
5529 154
5530 0
5531 67
5532 0
5533 81
5534 0
5535 183
5536 1
5537 91
5538 0
5539 76
5540 0
5541 142
5542 0
5543 60
5544 0
5545 95
5546 0
5547 132
5548 0
5549 77
5550 0
5551 94
5552 0
5553 139
5554 0
5555 101
5556 1
5557 81
5558 0
5559 149
5560 0
5561 75
5562 0
5563 72
5564 0
5565 228
5566 0
5567 73
5568 0
5569 68
5570 0
5571 137
5572 0
5573 78
5574 0
5575 86
5576 0
5577 176
5578 0
5579 82
5580 1
5581 70
5582 0
5583 132
5584 1
5585 99
5586 0
5587 75
5588 0
5589 144
5590 0
5591 66
5592 0
5593 95
5594 0
5595 184
5596 1
5597 80
5598 0
5599 79
5600 0
5601 147
5602 0
5603 69
5604 1
5605 101
5606 0
5607 170
5608 1
5609 78
5610 0
5611 76
5612 0
5613 137
5614 0
5615 89
5616 0
5617 74
5618 0
5619 140
5620 0
5621 94
5622 0
5623 69
5624 0
5625 191
5626 0
5627 66
5628 0
5629 72
5630 0
5631 135
5632 0
5633 71
5634 0
5635 118
5636 0
5637 150
5638 0
5639 74
5640 1
5641 66
5642 0
5643 161
5644 0
5645 102
5646 0
5647 74
5648 0
5649 175
5650 0
5651 68
5652 0
5653 72
5654 0
5655 199
5656 0
5657 77
5658 0
5659 71
5660 0
5661 158
5662 0
5663 85
5664 0
5665 103
5666 0
5667 131
5668 1
5669 74
5670 0
5671 74
5672 0
5673 151
5674 0
5675 87
5676 1
5677 83
5678 0
5679 143
5680 0
5681 92
5682 0
5683 69
5684 0
5685 193
5686 0
5687 73
5688 1
5689 68
5690 0
5691 164
5692 0
5693 77
5694 0
5695 106
5696 0
5697 149
5698 0
5699 75
5700 0
5701 63
5702 0
5703 146
5704 1
5705 122
5706 0
5707 78
5708 0
5709 156
5710 0
5711 72
5712 0
5713 72
5714 0
5715 190
5716 1
5717 74
5718 0
5719 94
5720 0
5721 148
5722 0
5723 65
5724 1
5725 93
5726 0
5727 150
5728 0
5729 79
5730 0
5731 81
5732 0
5733 191
5734 0
5735 99
5736 0
5737 70
5738 0
5739 139
5740 0
5741 76
5742 0
5743 71
5744 0
5745 190
5746 0
5747 84
5748 0
5749 69
5750 0
5751 143
5752 0
5753 84
5754 0
5755 96
5756 0
5757 160
5758 0
5759 72
5760 1
5761 81
5762 0
5763 151
5764 0
5765 99
5766 0
5767 68
5768 0
5769 147
5770 0
5771 74
5772 0
5773 80
5774 0
5775 248
5776 1
5777 80
5778 0
5779 75
5780 0
5781 150
5782 0
5783 71
5784 0
5785 104
5786 0
5787 143
5788 0
5789 92
5790 0
5791 69
5792 0
5793 143
5794 0
5795 101
5796 1
5797 94
5798 0
5799 140
5800 0
5801 78
5802 0
5803 87
5804 0
5805 203
5806 0
5807 67
5808 1
5809 65
5810 0
5811 159
5812 0
5813 75
5814 0
5815 92
5816 0
5817 178
5818 0
5819 83
5820 1
5821 62
5822 0
5823 144
5824 0
5825 100
5826 0
5827 68
5828 0
5829 152
5830 0
5831 96
5832 0
5833 77
5834 0
5835 187
5836 1
5837 87
5838 0
5839 72
5840 0
5841 154
5842 0
5843 66
5844 0
5845 119
5846 0
5847 141
5848 0
5849 76
5850 0
5851 71
5852 0
5853 154
5854 0
5855 91
5856 1
5857 76
5858 0
5859 177
5860 0
5861 79
5862 0
5863 94
5864 0
5865 223
5866 0
5867 73
5868 0
5869 68
5870 0
5871 153
5872 0
5873 94
5874 0
5875 102
5876 0
5877 152
5878 0
5879 71
5880 1
5881 69
5882 0
5883 155
5884 0
5885 116
5886 0
5887 94
5888 0
5889 153
5890 0
5891 75
5892 0
5893 71
5894 0
5895 194
5896 0
5897 76
5898 0
5899 74
5900 0
5901 173
5902 0
5903 74
5904 0
5905 96
5906 0
5907 156
5908 1
5909 88
5910 0
5911 66
5912 0
5913 153
5914 0
5915 127
5916 1
5917 78
5918 0
5919 144
5920 0
5921 85
5922 0
5923 73
5924 0
5925 197
5926 0
5927 75
5928 1
5929 95
5930 0
5931 144
5932 0
5933 83
5934 0
5935 96
5936 0
5937 156
5938 0
5939 70
5940 1
5941 78
5942 0
5943 170
5944 1
5945 113
5946 0
5947 79
5948 0
5949 149
5950 0
5951 83
5952 0
5953 73
5954 0
5955 182
5956 0
5957 103
5958 0
5959 80
5960 0
5961 146
5962 0
5963 73
5964 0
5965 100
5966 0
5967 163
5968 0
5969 82
5970 0
5971 81
5972 0
5973 165
5974 0
5975 92
5976 0
5977 73
5978 0
5979 145
5980 0
5981 71
5982 0
5983 79
5984 0
5985 247
5986 0
5987 76
5988 0
5989 69
5990 0
5991 141
5992 0
5993 84
5994 0
5995 100
5996 0
5997 147
5998 0
5999 86
6000 1
6001 76
6002 0
6003 155
6004 1
6005 107
6006 0
6007 72
6008 0
6009 145
6010 0
6011 67
6012 0
6013 91
6014 0
6015 196
6016 0
6017 88
6018 0
6019 78
6020 0
6021 148
6022 0
6023 69
6024 1
6025 97
6026 0
6027 172
6028 0
6029 76
6030 0
6031 73
6032 0
6033 157
6034 0
6035 103
6036 0
6037 71
6038 0
6039 162
6040 1
6041 95
6042 0
6043 73
6044 0
6045 224
6046 0
6047 74
6048 1
6049 72
6050 0
6051 148
6052 0
6053 75
6054 0
6055 115
6056 0
6057 151
6058 0
6059 74
6060 0
6061 86
6062 0
6063 143
6064 0
6065 100
6066 0
6067 76
6068 0
6069 185
6070 0
6071 74
6072 0
6073 78
6074 0
6075 192
6076 1
6077 82
6078 0
6079 62
6080 0
6081 149
6082 0
6083 97
6084 1
6085 92
6086 0
6087 143
6088 0
6089 82
6090 0
6091 69
6092 0
6093 149
6094 0
6095 103
6096 0
6097 98
6098 0
6099 152
6100 1
6101 82
6102 0
6103 83
6104 0
6105 235
6106 0
6107 70
6108 0
6109 71
6110 0
6111 181
6112 0
6113 77
6114 0
6115 101
6116 0
6117 150
6118 0
6119 79
6120 0
6121 72
6122 0
6123 157
6124 1
6125 124
6126 0
6127 83
6128 0
6129 150
6130 0
6131 75
6132 0
6133 78
6134 0
6135 191
6136 1
6137 91
6138 0
6139 90
6140 0
6141 162
6142 0
6143 73
6144 0
6145 97
6146 0
6147 151
6148 0
6149 94
6150 0
6151 77
6152 0
6153 183
6154 0
6155 94
6156 0
6157 78
6158 0
6159 148
6160 1
6161 81
6162 0
6163 77
6164 0
6165 199
6166 0
6167 85
6168 1
6169 81
6170 0
6171 176
6172 0
6173 75
6174 0
6175 115
6176 0
6177 164
6178 0
6179 73
6180 1
6181 87
6182 0
6183 144
6184 0
6185 112
6186 0
6187 79
6188 0
6189 154
6190 0
6191 78
6192 0
6193 82
6194 0
6195 236
6196 0
6197 83
6198 0
6199 76
6200 0
6201 170
6202 0
6203 68
6204 0
6205 99
6206 0
6207 153
6208 0
6209 98
6210 0
6211 71
6212 0
6213 167
6214 0
6215 107
6216 0
6217 75
6218 0
6219 139
6220 1
6221 80
6222 0
6223 87
6224 0
6225 203
6226 0
6227 77
6228 0
6229 72
6230 0
6231 154
6232 0
6233 79
6234 0
6235 107
6236 0
6237 207
6238 0
6239 78
6240 1
6241 67
6242 0
6243 141
6244 1
6245 108
6246 0
6247 74
6248 0
6249 152
6250 0
6251 91
6252 0
6253 88
6254 0
6255 195
6256 0
6257 78
6258 0
6259 84
6260 0
6261 159
6262 0
6263 72
6264 0
6265 120
6266 0
6267 144
6268 0
6269 79
6270 0
6271 75
6272 0
6273 172
6274 0
6275 102
6276 1
6277 74
6278 0
6279 199
6280 0
6281 96
6282 0
6283 79
6284 0
6285 205
6286 0
6287 78
6288 0
6289 77
6290 0
6291 146
6292 0
6293 100
6294 0
6295 102
6296 0
6297 157
6298 0
6299 72
6300 0
6301 77
6302 0
6303 154
6304 0
6305 118
6306 0
6307 92
6308 0
6309 162
6310 0
6311 77
6312 0
6313 74
6314 0
6315 209
6316 0
6317 84
6318 0
6319 71
6320 0
6321 187
6322 0
6323 71
6324 0
6325 108
6326 0
6327 154
6328 1
6329 84
6330 0
6331 78
6332 0
6333 151
6334 0
6335 113
6336 1
6337 77
6338 0
6339 159
6340 1
6341 85
6342 0
6343 80
6344 0
6345 201
6346 0
6347 80
6348 0
6349 89
6350 0
6351 159
6352 0
6353 80
6354 0
6355 109
6356 0
6357 172
6358 0
6359 72
6360 0
6361 73
6362 0
6363 177
6364 1
6365 116
6366 0
6367 78
6368 0
6369 175
6370 0
6371 77
6372 0
6373 76
6374 0
6375 208
6376 1
6377 98
6378 0
6379 81
6380 0
6381 150
6382 0
6383 76
6384 1
6385 105
6386 0
6387 149
6388 0
6389 82
6390 0
6391 104
6392 0
6393 160
6394 0
6395 98
6396 0
6397 81
6398 0
6399 155
6400 0
6401 82
6402 0
6403 79
6404 0
6405 250
6406 0
6407 76
6408 1
6409 88
6410 0
6411 159
6412 0
6413 93
6414 0
6415 107
6416 0
6417 172
6418 0
6419 96
6420 1
6421 78
6422 0
6423 156
6424 0
6425 109
6426 0
6427 76
6428 0
6429 148
6430 0
6431 78
6432 0
6433 88
6434 0
6435 244
6436 1
6437 84
6438 0
6439 76
6440 0
6441 168
6442 0
6443 79
6444 1
6445 101
6446 0
6447 178
6448 0
6449 84
6450 0
6451 79
6452 0
6453 152
6454 0
6455 104
6456 0
6457 83
6458 0
6459 155
6460 1
6461 115
6462 0
6463 82
6464 0
6465 203
6466 0
6467 75
6468 0
6469 77
6470 0
6471 149
6472 0
6473 79
6474 0
6475 127
6476 0
6477 165
6478 0
6479 96
6480 0
6481 72
6482 0
6483 152
6484 0
6485 109
6486 0
6487 86
6488 0
6489 185
6490 0
6491 80
6492 0
6493 70
6494 0
6495 204
6496 0
6497 80
6498 0
6499 76
6500 0
6501 170
6502 0
6503 86
6504 1
6505 96
6506 0
6507 148
6508 1
6509 90
6510 0
6511 85
6512 0
6513 167
6514 0
6515 100
6516 1
6517 98
6518 0
6519 163
6520 1
6521 84
6522 0
6523 88
6524 0
6525 217
6526 0
6527 74
6528 0
6529 78
6530 0
6531 186
6532 0
6533 81
6534 0
6535 100
6536 0
6537 157
6538 0
6539 83
6540 0
6541 74
6542 0
6543 149
6544 1
6545 154
6546 0
6547 80
6548 0
6549 159
6550 0
6551 77
6552 0
6553 79
6554 0
6555 222
6556 0
6557 88
6558 0
6559 90
6560 0
6561 152
6562 0
6563 81
6564 0
6565 111
6566 0
6567 171
6568 0
6569 83
6570 0
6571 72
6572 0
6573 184
6574 0
6575 106
6576 0
6577 83
6578 0
6579 167
6580 0
6581 79
6582 0
6583 82
6584 0
6585 208
6586 0
6587 93
6588 0
6589 85
6590 0
6591 167
6592 0
6593 77
6594 0
6595 103
6596 0
6597 159
6598 0
6599 78
6600 1
6601 96
6602 0
6603 164
6604 1
6605 109
6606 0
6607 79
6608 0
6609 153
6610 0
6611 88
6612 0
6613 82
6614 0
6615 242
6616 1
6617 88
6618 0
6619 78
6620 0
6621 156
6622 0
6623 79
6624 0
6625 106
6626 0
6627 149
6628 1
6629 103
6630 0
6631 81
6632 0
6633 177
6634 0
6635 94
6636 0
6637 76
6638 0
6639 150
6640 1
6641 84
6642 0
6643 107
6644 0
6645 213
6646 0
6647 85
6648 1
6649 72
6650 0
6651 165
6652 0
6653 80
6654 0
6655 118
6656 0
6657 192
6658 0
6659 78
6660 1
6661 80
6662 0
6663 169
6664 1
6665 120
6666 0
6667 84
6668 0
6669 185
6670 0
6671 86
6672 0
6673 80
6674 0
6675 209
6676 0
6677 93
6678 0
6679 80
6680 0
6681 165
6682 0
6683 79
6684 0
6685 127
6686 0
6687 161
6688 1
6689 85
6690 0
6691 82
6692 0
6693 168
6694 0
6695 113
6696 1
6697 84
6698 0
6699 222
6700 0
6701 88
6702 0
6703 75
6704 0
6705 215
6706 0
6707 81
6708 0
6709 81
6710 0
6711 147
6712 0
6713 105
6714 0
6715 117
6716 0
6717 167
6718 0
6719 78
6720 1
6721 95
6722 0
6723 156
6724 1
6725 115
6726 0
6727 98
6728 0
6729 156
6730 0
6731 84
6732 0
6733 74
6734 0
6735 210
6736 0
6737 81
6738 0
6739 84
6740 0
6741 198
6742 0
6743 80
6744 1
6745 107
6746 0
6747 176
6748 1
6749 85
6750 0
6751 78
6752 0
6753 162
6754 0
6755 128
6756 0
6757 83
6758 0
6759 159
6760 0
6761 85
6762 0
6763 81
6764 0
6765 246
6766 0
6767 76
6768 0
6769 87
6770 0
6771 159
6772 0
6773 91
6774 0
6775 114
6776 0
6777 156
6778 0
6779 80
6780 1
6781 80
6782 0
6783 213
6784 1
6785 118
6786 0
6787 84
6788 0
6789 171
6790 0
6791 78
6792 0
6793 80
6794 0
6795 216
6796 0
6797 101
6798 0
6799 92
6800 0
6801 154
6802 0
6803 75
6804 0
6805 105
6806 0
6807 163
6808 0
6809 96
6810 0
6811 95
6812 0
6813 159
6814 0
6815 108
6816 1
6817 90
6818 0
6819 165
6820 0
6821 87
6822 0
6823 81
6824 0
6825 282
6826 0
6827 81
6828 1
6829 71
6830 0
6831 187
6832 0
6833 85
6834 0
6835 103
6836 0
6837 177
6838 0
6839 98
6840 0
6841 69
6842 0
6843 160
6844 0
6845 117
6846 0
6847 81
6848 0
6849 163
6850 0
6851 100
6852 0
6853 108
6854 0
6855 214
6856 0
6857 88
6858 0
6859 85
6860 0
6861 163
6862 0
6863 74
6864 0
6865 108
6866 0
6867 192
6868 1
6869 84
6870 0
6871 80
6872 0
6873 175
6874 0
6875 122
6876 0
6877 93
6878 0
6879 162
6880 0
6881 105
6882 0
6883 86
6884 0
6885 223
6886 0
6887 84
6888 0
6889 81
6890 0
6891 157
6892 0
6893 78
6894 0
6895 126
6896 0
6897 188
6898 0
6899 77
6900 1
6901 76
6902 0
6903 172
6904 0
6905 109
6906 0
6907 81
6908 0
6909 201
6910 0
6911 84
6912 0
6913 83
6914 0
6915 205
6916 1
6917 83
6918 0
6919 98
6920 0
6921 167
6922 0
6923 94
6924 1
6925 110
6926 0
6927 166
6928 1
6929 103
6930 0
6931 86
6932 0
6933 160
6934 0
6935 111
6936 1
6937 100
6938 0
6939 163
6940 1
6941 97
6942 0
6943 83
6944 0
6945 218
6946 0
6947 71
6948 0
6949 81
6950 0
6951 193
6952 0
6953 86
6954 0
6955 118
6956 0
6957 166
6958 0
6959 83
6960 0
6961 84
6962 0
6963 179
6964 0
6965 140
6966 0
6967 79
6968 0
6969 171
6970 0
6971 83
6972 0
6973 88
6974 0
6975 220
6976 0
6977 95
6978 0
6979 99
6980 0
6981 180
6982 0
6983 80
6984 1
6985 118
6986 0
6987 172
6988 0
6989 87
6990 0
6991 87
6992 0
6993 205
6994 0
6995 107
6996 0
6997 85
6998 0
6999 156
7000 1
7001 84
7002 0
7003 85
7004 0
7005 225
7006 0
7007 111
7008 0
7009 85
7010 0
7011 175
7012 0
7013 84
7014 0
7015 121
7016 0
7017 172
7018 0
7019 80
7020 0
7021 104
7022 0
7023 172
7024 1
7025 111
7026 0
7027 82
7028 0
7029 177
7030 0
7031 82
7032 0
7033 90
7034 0
7035 259
7036 1
7037 81
7038 0
7039 84
7040 0
7041 171
7042 0
7043 81
7044 0
7045 110
7046 0
7047 161
7048 0
7049 110
7050 0
7051 89
7052 0
7053 169
7054 0
7055 114
7056 1
7057 87
7058 0
7059 180
7060 1
7061 92
7062 0
7063 99
7064 0
7065 234
7066 0
7067 79
7068 1
7069 80
7070 0
7071 164
7072 0
7073 95
7074 0
7075 111
7076 0
7077 202
7078 0
7079 79
7080 1
7081 83
7082 0
7083 159
7084 1
7085 126
7086 0
7087 86
7088 0
7089 184
7090 0
7091 96
7092 0
7093 85
7094 0
7095 251
7096 1
7097 90
7098 0
7099 86
7100 0
7101 178
7102 0
7103 81
7104 0
7105 136
7106 0
7107 169
7108 0
7109 84
7110 0
7111 85
7112 0
7113 175
7114 0
7115 112
7116 1
7117 97
7118 0
7119 201
7120 1
7121 90
7122 0
7123 88
7124 0
7125 242
7126 0
7127 82
7128 0
7129 84
7130 0
7131 165
7132 0
7133 103
7134 0
7135 119
7136 0
7137 194
7138 0
7139 88
7140 0
7141 90
7142 0
7143 156
7144 1
7145 112
7146 0
7147 102
7148 0
7149 167
7150 0
7151 79
7152 0
7153 85
7154 0
7155 221
7156 0
7157 93
7158 0
7159 77
7160 0
7161 230
7162 0
7163 93
7164 1
7165 119
7166 0
7167 166
7168 1
7169 89
7170 0
7171 86
7172 0
7173 166
7174 0
7175 132
7176 0
7177 91
7178 0
7179 167
7180 0
7181 88
7182 0
7183 96
7184 0
7185 226
7186 0
7187 82
7188 1
7189 108
7190 0
7191 181
7192 0
7193 87
7194 0
7195 115
7196 0
7197 176
7198 0
7199 81
7200 0
7201 89
7202 0
7203 192
7204 0
7205 122
7206 0
7207 82
7208 0
7209 168
7210 0
7211 77
7212 0
7213 86
7214 0
7215 244
7216 1
7217 104
7218 0
7219 89
7220 0
7221 184
7222 0
7223 82
7224 0
7225 126
7226 0
7227 180
7228 1
7229 90
7230 0
7231 96
7232 0
7233 172
7234 0
7235 107
7236 1
7237 79
7238 0
7239 178
7240 0
7241 99
7242 0
7243 86
7244 0
7245 281
7246 0
7247 82
7248 1
7249 96
7250 0
7251 172
7252 0
7253 86
7254 0
7255 105
7256 0
7257 184
7258 0
7259 108
7260 0
7261 87
7262 0
7263 173
7264 1
7265 117
7266 0
7267 95
7268 0
7269 171
7270 0
7271 92
7272 0
7273 102
7274 0
7275 221
7276 1
7277 86
7278 0
7279 91
7280 0
7281 173
7282 0
7283 74
7284 0
7285 116
7286 0
7287 192
7288 1
7289 87
7290 0
7291 84
7292 0
7293 217
7294 0
7295 107
7296 0
7297 89
7298 0
7299 166
7300 0
7301 101
7302 0
7303 87
7304 0
7305 233
7306 0
7307 86
7308 0
7309 79
7310 0
7311 168
7312 0
7313 81
7314 0
7315 156
7316 0
7317 171
7318 0
7319 94
7320 1
7321 88
7322 0
7323 167
7324 0
7325 117
7326 0
7327 98
7328 0
7329 203
7330 0
7331 88
7332 0
7333 89
7334 0
7335 225
7336 0
7337 106
7338 0
7339 90
7340 0
7341 169
7342 0
7343 97
7344 1
7345 127
7346 0
7347 173
7348 1
7349 91
7350 0
7351 79
7352 0
7353 190
7354 0
7355 105
7356 1
7357 108
7358 0
7359 189
7360 0
7361 98
7362 0
7363 88
7364 0
7365 236
7366 0
7367 83
7368 0
7369 89
7370 0
7371 215
7372 0
7373 88
7374 0
7375 111
7376 0
7377 172
7378 0
7379 93
7380 0
7381 93
7382 0
7383 176
7384 1
7385 142
7386 0
7387 92
7388 0
7389 170
7390 0
7391 87
7392 0
7393 89
7394 0
7395 235
7396 1
7397 94
7398 0
7399 105
7400 0
7401 166
7402 0
7403 93
7404 1
7405 123
7406 0
7407 167
7408 0
7409 85
7410 0
7411 91
7412 0
7413 208
7414 0
7415 110
7416 0
7417 84
7418 0
7419 164
7420 1
7421 90
7422 0
7423 94
7424 0
7425 253
7426 0
7427 102
7428 0
7429 95
7430 0
7431 167
7432 0
7433 82
7434 0
7435 116
7436 0
7437 179
7438 0
7439 86
7440 1
7441 101
7442 0
7443 175
7444 0
7445 117
7446 0
7447 92
7448 0
7449 178
7450 0
7451 87
7452 0
7453 88
7454 0
7455 274
7456 1
7457 89
7458 0
7459 85
7460 0
7461 173
7462 0
7463 90
7464 0
7465 119
7466 0
7467 179
7468 1
7469 127
7470 0
7471 87
7472 0
7473 182
7474 0
7475 121
7476 0
7477 92
7478 0
7479 169
7480 1
7481 86
7482 0
7483 112
7484 0
7485 232
7486 0
7487 85
7488 0
7489 90
7490 0
7491 196
7492 0
7493 87
7494 0
7495 114
7496 0
7497 226
7498 0
7499 88
7500 0
7501 94
7502 0
7503 174
7504 0
7505 120
7506 0
7507 89
7508 0
7509 174
7510 0
7511 115
7512 0
7513 98
7514 0
7515 215
7516 0
7517 89
7518 0
7519 94
7520 0
7521 183
7522 0
7523 85
7524 1
7525 148
7526 0
7527 184
7528 0
7529 88
7530 0
7531 90
7532 0
7533 187
7534 0
7535 127
7536 1
7537 88
7538 0
7539 207
7540 1
7541 95
7542 0
7543 100
7544 0
7545 230
7546 0
7547 89
7548 0
7549 86
7550 0
7551 177
7552 0
7553 118
7554 0
7555 115
7556 0
7557 192
7558 0
7559 82
7560 1
7561 95
7562 0
7563 166
7564 0
7565 127
7566 0
7567 112
7568 0
7569 181
7570 0
7571 93
7572 0
7573 94
7574 0
7575 241
7576 0
7577 83
7578 0
7579 104
7580 0
7581 217
7582 0
7583 88
7584 0
7585 122
7586 0
7587 169
7588 1
7589 89
7590 0
7591 94
7592 0
7593 177
7594 0
7595 136
7596 1
7597 97
7598 0
7599 190
7600 0
7601 102
7602 0
7603 87
7604 0
7605 249
7606 0
7607 81
7608 1
7609 107
7610 0
7611 189
7612 0
7613 90
7614 0
7615 114
7616 0
7617 189
7618 0
7619 89
7620 0
7621 90
7622 0
7623 227
7624 0
7625 116
7626 0
7627 90
7628 0
7629 184
7630 0
7631 98
7632 0
7633 98
7634 0
7635 234
7636 0
7637 99
7638 0
7639 82
7640 0
7641 175
7642 0
7643 88
7644 1
7645 135
7646 0
7647 165
7648 1
7649 89
7650 0
7651 111
7652 0
7653 179
7654 0
7655 115
7656 0
7657 102
7658 0
7659 189
7660 0
7661 88
7662 0
7663 92
7664 0
7665 286
7666 0
7667 106
7668 1
7669 88
7670 0
7671 175
7672 0
7673 87
7674 0
7675 124
7676 0
7677 181
7678 0
7679 99
7680 0
7681 85
7682 0
7683 190
7684 0
7685 129
7686 0
7687 83
7688 0
7689 197
7690 0
7691 96
7692 0
7693 107
7694 0
7695 248
7696 1
7697 87
7698 0
7699 84
7700 0
7701 187
7702 0
7703 87
7704 1
7705 123
7706 0
7707 210
7708 1
7709 99
7710 0
7711 101
7712 0
7713 177
7714 0
7715 121
7716 0
7717 92
7718 0
7719 188
7720 0
7721 104
7722 0
7723 87
7724 0
7725 234
7726 0
7727 82
7728 1
7729 92
7730 0
7731 178
7732 0
7733 108
7734 0
7735 165
7736 0
7737 179
7738 0
7739 90
7740 0
7741 93
7742 0
7743 184
7744 0
7745 123
7746 0
7747 85
7748 0
7749 213
7750 0
7751 98
7752 0
7753 92
7754 0
7755 261
7756 1
7757 89
7758 0
7759 80
7760 0
7761 198
7762 0
7763 105
7764 1
7765 119
7766 0
7767 176
7768 0
7769 95
7770 0
7771 87
7772 0
7773 186
7774 0
7775 118
7776 0
7777 126
7778 0
7779 176
7780 1
7781 101
7782 0
7783 94
7784 0
7785 235
7786 0
7787 96
7788 0
7789 84
7790 0
7791 219
7792 0
7793 87
7794 0
7795 124
7796 0
7797 188
7798 0
7799 100
7800 0
7801 94
7802 0
7803 186
7804 0
7805 141
7806 0
7807 96
7808 0
7809 196
7810 0
7811 85
7812 0
7813 97
7814 0
7815 227
7816 1
7817 88
7818 0
7819 104
7820 0
7821 203
7822 0
7823 94
7824 1
7825 108
7826 0
7827 175
7828 0
7829 88
7830 0
7831 94
7832 0
7833 214
7834 0
7835 122
7836 1
7837 100
7838 0
7839 200
7840 1
7841 89
7842 0
7843 111
7844 0
7845 239
7846 0
7847 115
7848 1
7849 95
7850 0
7851 186
7852 0
7853 89
7854 0
7855 113
7856 0
7857 184
7858 0
7859 88
7860 1
7861 102
7862 0
7863 190
7864 1
7865 137
7866 0
7867 97
7868 0
7869 181
7870 0
7871 95
7872 0
7873 90
7874 0
7875 284
7876 0
7877 93
7878 0
7879 100
7880 0
7881 190
7882 0
7883 87
7884 0
7885 127
7886 0
7887 200
7888 1
7889 113
7890 0
7891 100
7892 0
7893 189
7894 0
7895 115
7896 1
7897 97
7898 0
7899 181
7900 0
7901 95
7902 0
7903 108
7904 0
7905 269
7906 0
7907 90
7908 0
7909 100
7910 0
7911 181
7912 0
7913 88
7914 0
7915 118
7916 0
7917 248
7918 0
7919 93
7920 0
7921 90
7922 0
7923 191
7924 0
7925 117
7926 0
7927 92
7928 0
7929 169
7930 0
7931 115
7932 0
7933 91
7934 0
7935 247
7936 1
7937 94
7938 0
7939 99
7940 0
7941 180
7942 0
7943 102
7944 0
7945 152
7946 0
7947 177
7948 0
7949 93
7950 0
7951 93
7952 0
7953 207
7954 0
7955 126
7956 0
7957 93
7958 0
7959 199
7960 0
7961 96
7962 0
7963 99
7964 0
7965 246
7966 0
7967 88
7968 0
7969 100
7970 0
7971 175
7972 0
7973 115
7974 0
7975 135
7976 0
7977 183
7978 0
7979 93
7980 1
7981 98
7982 0
7983 178
7984 0
7985 120
7986 0
7987 113
7988 0
7989 184
7990 0
7991 94
7992 0
7993 84
7994 0
7995 262
7996 0
7997 103
7998 0
7999 94
8000 0
8001 223
8002 0
8003 86
8004 1
8005 124
8006 0
8007 183
8008 1
8009 88
8010 0
8011 90
8012 0
8013 180
8014 0
8015 144
8016 1
8017 92
8018 0
8019 204
8020 0
8021 102
8022 0
8023 97
8024 0
8025 253
8026 0
8027 90
8028 1
8029 119
8030 0
8031 190
8032 0
8033 96
8034 0
8035 117
8036 0
8037 200
8038 0
8039 93
8040 1
8041 106
8042 0
8043 222
8044 1
8045 130
8046 0
8047 105
8048 0
8049 179
8050 0
8051 95
8052 0
8053 94
8054 0
8055 248
8056 1
8057 113
8058 0
8059 88
8060 0
8061 179
8062 0
8063 96
8064 0
8065 118
8066 0
8067 185
8068 0
8069 99
8070 0
8071 112
8072 0
8073 203
8074 0
8075 136
8076 0
8077 93
8078 0
8079 176
8080 0
8081 89
8082 0
8083 94
8084 0
8085 325
8086 0
8087 85
8088 0
8089 87
8090 0
8091 199
8092 0
8093 92
8094 0
8095 124
8096 0
8097 183
8098 0
8099 119
8100 1
8101 92
8102 0
8103 192
8104 1
8105 131
8106 0
8107 101
8108 0
8109 201
8110 0
8111 93
8112 0
8113 117
8114 0
8115 250
8116 1
8117 94
8118 0
8119 95
8120 0
8121 191
8122 0
8123 86
8124 0
8125 135
8126 0
8127 231
8128 0
8129 104
8130 0
8131 99
8132 0
8133 178
8134 0
8135 122
8136 0
8137 97
8138 0
8139 179
8140 0
8141 109
8142 0
8143 104
8144 0
8145 253
8146 0
8147 89
8148 1
8149 95
8150 0
8151 240
8152 0
8153 95
8154 0
8155 142
8156 0
8157 177
8158 0
8159 95
8160 1
8161 87
8162 0
8163 189
8164 0
8165 127
8166 0
8167 87
8168 0
8169 215
8170 0
8171 100
8172 0
8173 105
8174 0
8175 241
8176 0
8177 108
8178 0
8179 84
8180 0
8181 187
8182 0
8183 105
8184 1
8185 123
8186 0
8187 183
8188 1
8189 98
8190 0
8191 93
8192 0
8193 190
8194 0
8195 130
8196 0
8197 111
8198 0
8199 177
8200 1
8201 101
8202 0
8203 109
8204 0
8205 257
8206 0
8207 94
8208 0
8209 92
8210 0
8211 251
8212 0
8213 94
8214 0
8215 133
8216 0
8217 211
8218 0
8219 93
8220 0
8221 85
8222 0
8223 177
8224 1
8225 156
8226 0
8227 101
8228 0
8229 199
8230 0
8231 92
8232 0
8233 98
8234 0
8235 247
8236 0
8237 92
8238 0
8239 125
8240 0
8241 193
8242 0
8243 95
8244 0
8245 137
8246 0
8247 190
8248 0
8249 94
8250 0
8251 89
8252 0
8253 223
8254 0
8255 129
8256 1
8257 104
8258 0
8259 183
8260 1
8261 104
8262 0
8263 95
8264 0
8265 270
8266 0
8267 110
8268 1
8269 98
8270 0
8271 188
8272 0
8273 99
8274 0
8275 128
8276 0
8277 194
8278 0
8279 102
8280 1
8281 117
8282 0
8283 207
8284 0
8285 121
8286 0
8287 94
8288 0
8289 187
8290 0
8291 93
8292 0
8293 100
8294 0
8295 300
8296 0
8297 95
8298 0
8299 103
8300 0
8301 183
8302 0
8303 109
8304 0
8305 136
8306 0
8307 203
8308 1
8309 109
8310 0
8311 92
8312 0
8313 202
8314 0
8315 125
8316 1
8317 99
8318 0
8319 196
8320 1
8321 96
8322 0
8323 124
8324 0
8325 256
8326 0
8327 106
8328 0
8329 91
8330 0
8331 194
8332 0
8333 97
8334 0
8335 129
8336 0
8337 226
8338 0
8339 93
8340 0
8341 95
8342 0
8343 186
8344 0
8345 122
8346 0
8347 97
8348 0
8349 211
8350 0
8351 110
8352 0
8353 94
8354 0
8355 250
8356 1
8357 100
8358 0
8359 107
8360 0
8361 178
8362 0
8363 88
8364 0
8365 146
8366 0
8367 180
8368 0
8369 99
8370 0
8371 99
8372 0
8373 186
8374 0
8375 125
8376 0
8377 98
8378 0
8379 239
8380 0
8381 103
8382 0
8383 95
8384 0
8385 275
8386 0
8387 99
8388 0
8389 97
8390 0
8391 188
8392 0
8393 127
8394 0
8395 135
8396 0
8397 188
8398 0
8399 99
8400 0
8401 101
8402 0
8403 186
8404 1
8405 123
8406 0
8407 110
8408 0
8409 194
8410 0
8411 108
8412 0
8413 94
8414 0
8415 295
8416 0
8417 98
8418 0
8419 86
8420 0
8421 224
8422 0
8423 97
8424 1
8425 129
8426 0
8427 184
8428 0
8429 92
8430 0
8431 98
8432 0
8433 184
8434 0
8435 157
8436 1
8437 121
8438 0
8439 194
8440 1
8441 103
8442 0
8443 93
8444 0
8445 254
8446 0
8447 92
8448 0
8449 126
8450 0
8451 194
8452 0
8453 105
8454 0
8455 138
8456 0
8457 184
8458 0
8459 102
8460 1
8461 89
8462 0
8463 246
8464 1
8465 125
8466 0
8467 95
8468 0
8469 197
8470 0
8471 107
8472 0
8473 99
8474 0
8475 243
8476 0
8477 113
8478 0
8479 88
8480 0
8481 213
8482 0
8483 90
8484 1
8485 131
8486 0
8487 198
8488 1
8489 100
8490 0
8491 118
8492 0
8493 205
8494 0
8495 124
8496 0
8497 107
8498 0
8499 194
8500 0
8501 94
8502 0
8503 107
8504 0
8505 303
8506 0
8507 94
8508 1
8509 96
8510 0
8511 196
8512 0
8513 96
8514 0
8515 133
8516 0
8517 203
8518 0
8519 112
8520 1
8521 93
8522 0
8523 194
8524 1
8525 146
8526 0
8527 90
8528 0
8529 179
8530 0
8531 98
8532 0
8533 124
8534 0
8535 255
8536 0
8537 95
8538 0
8539 90
8540 0
8541 211
8542 0
8543 97
8544 1
8545 130
8546 0
8547 263
8548 1
8549 102
8550 0
8551 104
8552 0
8553 184
8554 0
8555 139
8556 0
8557 97
8558 0
8559 184
8560 0
8561 114
8562 0
8563 101
8564 0
8565 247
8566 0
8567 103
8568 1
8569 120
8570 0
8571 194
8572 0
8573 98
8574 0
8575 143
8576 0
8577 188
8578 0
8579 96
8580 1
8581 96
8582 0
8583 181
8584 0
8585 137
8586 0
8587 90
8588 0
8589 228
8590 0
8591 108
8592 0
8593 102
8594 0
8595 253
8596 1
8597 96
8598 0
8599 96
8600 0
8601 197
8602 0
8603 121
8604 0
8605 118
8606 0
8607 193
8608 0
8609 98
8610 0
8611 92
8612 0
8613 219
8614 0
8615 126
8616 0
8617 111
8618 0
8619 221
8620 0
8621 104
8622 0
8623 102
8624 0
8625 269
8626 0
8627 93
8628 0
8629 97
8630 0
8631 233
8632 0
8633 99
8634 0
8635 142
8636 0
8637 192
8638 0
8639 98
8640 0
8641 98
8642 0
8643 201
8644 0
8645 180
8646 0
8647 95
8648 0
8649 194
8650 0
8651 100
8652 0
8653 98
8654 0
8655 259
8656 1
8657 107
8658 0
8659 108
8660 0
8661 197
8662 0
8663 90
8664 0
8665 121
8666 0
8667 201
8668 0
8669 97
8670 0
8671 110
8672 0
8673 226
8674 0
8675 138
8676 1
8677 102
8678 0
8679 212
8680 1
8681 103
8682 0
8683 100
8684 0
8685 271
8686 0
8687 123
8688 0
8689 99
8690 0
8691 196
8692 0
8693 93
8694 0
8695 135
8696 0
8697 222
8698 0
8699 101
8700 1
8701 128
8702 0
8703 198
8704 0
8705 123
8706 0
8707 99
8708 0
8709 182
8710 0
8711 103
8712 0
8713 98
8714 0
8715 311
8716 1
8717 102
8718 0
8719 101
8720 0
8721 225
8722 0
8723 119
8724 0
8725 128
8726 0
8727 191
8728 1
8729 129
8730 0
8731 102
8732 0
8733 202
8734 0
8735 126
8736 0
8737 100
8738 0
8739 182
8740 0
8741 106
8742 0
8743 112
8744 0
8745 286
8746 0
8747 97
8748 1
8749 108
8750 0
8751 195
8752 0
8753 98
8754 0
8755 139
8756 0
8757 234
8758 0
8759 108
8760 0
8761 96
8762 0
8763 203
8764 0
8765 133
8766 0
8767 112
8768 0
8769 197
8770 0
8771 121
8772 0
8773 103
8774 0
8775 290
8776 0
8777 101
8778 0
8779 101
8780 0
8781 200
8782 0
8783 98
8784 1
8785 150
8786 0
8787 205
8788 0
8789 121
8790 0
8791 100
8792 0
8793 193
8794 0
8795 125
8796 1
8797 104
8798 0
8799 234
8800 0
8801 114
8802 0
8803 95
8804 0
8805 257
8806 0
8807 101
8808 0
8809 97
8810 0
8811 211
8812 0
8813 126
8814 0
8815 133
8816 0
8817 196
8818 0
8819 90
8820 1
8821 96
8822 0
8823 212
8824 0
8825 132
8826 0
8827 121
8828 0
8829 202
8830 0
8831 109
8832 0
8833 103
8834 0
8835 285
8836 0
8837 95
8838 0
8839 95
8840 0
8841 236
8842 0
8843 99
8844 1
8845 133
8846 0
8847 189
8848 1
8849 101
8850 0
8851 99
8852 0
8853 218
8854 0
8855 184
8856 0
8857 99
8858 0
8859 202
8860 0
8861 97
8862 0
8863 96
8864 0
8865 262
8866 0
8867 96
8868 0
8869 110
8870 0
8871 200
8872 0
8873 105
8874 0
8875 130
8876 0
8877 224
8878 0
8879 105
8880 0
8881 91
8882 0
8883 235
8884 1
8885 134
8886 0
8887 95
8888 0
8889 201
8890 0
8891 108
8892 0
8893 98
8894 0
8895 253
8896 1
8897 132
8898 0
8899 111
8900 0
8901 214
8902 0
8903 92
8904 1
8905 152
8906 0
8907 203
8908 0
8909 104
8910 0
8911 125
8912 0
8913 194
8914 0
8915 134
8916 1
8917 97
8918 0
8919 193
8920 0
8921 117
8922 0
8923 100
8924 0
8925 332
8926 0
8927 103
8928 1
8929 96
8930 0
8931 214
8932 0
8933 102
8934 0
8935 120
8936 0
8937 189
8938 0
8939 128
8940 0
8941 91
8942 0
8943 218
8944 0
8945 136
8946 0
8947 102
8948 0
8949 209
8950 0
8951 98
8952 0
8953 124
8954 0
8955 266
8956 0
8957 103
8958 0
8959 110
8960 0
8961 208
8962 0
8963 98
8964 1
8965 145
8966 0
8967 244
8968 1
8969 101
8970 0
8971 104
8972 0
8973 201
8974 0
8975 136
8976 0
8977 99
8978 0
8979 195
8980 0
8981 121
8982 0
8983 111
8984 0
8985 256
8986 0
8987 118
8988 1
8989 102
8990 0
8991 201
8992 0
8993 108
8994 0
8995 166
8996 0
8997 200
8998 0
8999 96
9000 0
9001 99
9002 0
9003 189
9004 0
9005 136
9006 0
9007 95
9008 0
9009 285
9010 0
9011 107
9012 0
9013 96
9014 0
9015 252
9016 1
9017 101
9018 0
9019 104
9020 0
9021 206
9022 0
9023 119
9024 0
9025 138
9026 0
9027 221
9028 1
9029 106
9030 0
9031 102
9032 0
9033 198
9034 0
9035 136
9036 1
9037 129
9038 0
9039 210
9040 1
9041 100
9042 0
9043 105
9044 0
9045 273
9046 0
9047 102
9048 1
9049 98
9050 0
9051 233
9052 0
9053 114
9054 0
9055 138
9056 0
9057 203
9058 0
9059 103
9060 0
9061 116
9062 0
9063 216
9064 0
9065 171
9066 0
9067 100
9068 0
9069 198
9070 0
9071 102
9072 0
9073 103
9074 0
9075 294
9076 0
9077 104
9078 0
9079 115
9080 0
9081 209
9082 0
9083 104
9084 0
9085 129
9086 0
9087 222
9088 0
9089 107
9090 0
9091 92
9092 0
9093 238
9094 0
9095 144
9096 1
9097 112
9098 0
9099 196
9100 1
9101 108
9102 0
9103 101
9104 0
9105 264
9106 0
9107 117
9108 0
9109 91
9110 0
9111 188
9112 0
9113 112
9114 0
9115 132
9116 0
9117 198
9118 0
9119 111
9120 0
9121 122
9122 0
9123 205
9124 1
9125 142
9126 0
9127 96
9128 0
9129 219
9130 0
9131 105
9132 0
9133 98
9134 0
9135 331
9136 1
9137 105
9138 0
9139 114
9140 0
9141 222
9142 0
9143 102
9144 0
9145 143
9146 0
9147 195
9148 0
9149 119
9150 0
9151 98
9152 0
9153 204
9154 0
9155 131
9156 0
9157 107
9158 0
9159 205
9160 0
9161 107
9162 0
9163 141
9164 0
9165 296
9166 0
9167 104
9168 1
9169 96
9170 0
9171 196
9172 0
9173 106
9174 0
9175 123
9176 0
9177 262
9178 0
9179 99
9180 0
9181 95
9182 0
9183 194
9184 1
9185 154
9186 0
9187 106
9188 0
9189 198
9190 0
9191 135
9192 0
9193 104
9194 0
9195 280
9196 1
9197 112
9198 0
9199 101
9200 0
9201 200
9202 0
9203 93
9204 0
9205 156
9206 0
9207 240
9208 1
9209 114
9210 0
9211 100
9212 0
9213 217
9214 0
9215 142
9216 0
9217 102
9218 0
9219 234
9220 0
9221 104
9222 0
9223 106
9224 0
9225 279
9226 0
9227 104
9228 0
9229 108
9230 0
9231 211
9232 0
9233 118
9234 0
9235 136
9236 0
9237 206
9238 0
9239 106
9240 0
9241 101
9242 0
9243 221
9244 1
9245 139
9246 0
9247 122
9248 0
9249 202
9250 0
9251 113
9252 0
9253 104
9254 0
9255 263
9256 0
9257 100
9258 0
9259 105
9260 0
9261 244
9262 0
9263 100
9264 0
9265 141
9266 0
9267 203
9268 0
9269 122
9270 0
9271 102
9272 0
9273 215
9274 0
9275 158
9276 1
9277 103
9278 0
9279 201
9280 1
9281 107
9282 0
9283 105
9284 0
9285 272
9286 0
9287 100
9288 1
9289 113
9290 0
9291 220
9292 0
9293 108
9294 0
9295 165
9296 0
9297 206
9298 0
9299 112
9300 1
9301 104
9302 0
9303 256
9304 1
9305 140
9306 0
9307 106
9308 0
9309 212
9310 0
9311 99
9312 0
9313 103
9314 0
9315 288
9316 1
9317 141
9318 0
9319 103
9320 0
9321 220
9322 0
9323 97
9324 0
9325 140
9326 0
9327 199
9328 1
9329 116
9330 0
9331 128
9332 0
9333 225
9334 0
9335 136
9336 0
9337 101
9338 0
9339 221
9340 0
9341 109
9342 0
9343 109
9344 0
9345 327
9346 0
9347 115
9348 1
9349 101
9350 0
9351 191
9352 0
9353 104
9354 0
9355 134
9356 0
9357 199
9358 0
9359 120
9360 1
9361 125
9362 0
9363 208
9364 0
9365 141
9366 0
9367 125
9368 0
9369 209
9370 0
9371 99
9372 0
9373 134
9374 0
9375 271
9376 0
9377 99
9378 0
9379 105
9380 0
9381 208
9382 0
9383 115
9384 1
9385 132
9386 0
9387 240
9388 0
9389 105
9390 0
9391 101
9392 0
9393 208
9394 0
9395 143
9396 0
9397 101
9398 0
9399 214
9400 0
9401 136
9402 0
9403 99
9404 0
9405 313
9406 0
9407 109
9408 1
9409 105
9410 0
9411 209
9412 0
9413 100
9414 0
9415 168
9416 0
9417 210
9418 0
9419 104
9420 0
9421 98
9422 0
9423 206
9424 0
9425 165
9426 0
9427 114
9428 0
9429 241
9430 0
9431 104
9432 0
9433 105
9434 0
9435 295
9436 0
9437 112
9438 0
9439 101
9440 0
9441 198
9442 0
9443 128
9444 1
9445 136
9446 0
9447 218
9448 1
9449 120
9450 0
9451 114
9452 0
9453 225
9454 0
9455 143
9456 0
9457 131
9458 0
9459 214
9460 1
9461 107
9462 0
9463 105
9464 0
9465 276
9466 0
9467 106
9468 1
9469 102
9470 0
9471 280
9472 0
9473 114
9474 0
9475 138
9476 0
9477 232
9478 0
9479 105
9480 0
9481 108
9482 0
9483 216
9484 0
9485 161
9486 0
9487 111
9488 0
9489 211
9490 0
9491 101
9492 0
9493 112
9494 0
9495 270
9496 0
9497 111
9498 0
9499 125
9500 0
9501 203
9502 0
9503 123
9504 1
9505 132
9506 0
9507 208
9508 0
9509 110
9510 0
9511 105
9512 0
9513 246
9514 0
9515 145
9516 0
9517 112
9518 0
9519 217
9520 1
9521 106
9522 0
9523 112
9524 0
9525 280
9526 0
9527 123
9528 0
9529 107
9530 0
9531 211
9532 0
9533 105
9534 0
9535 128
9536 0
9537 247
9538 0
9539 107
9540 0
9541 125
9542 0
9543 208
9544 0
9545 150
9546 0
9547 108
9548 0
9549 206
9550 0
9551 105
9552 0
9553 108
9554 0
9555 359
9556 0
9557 114
9558 0
9559 122
9560 0
9561 204
9562 0
9563 103
9564 0
9565 138
9566 0
9567 199
9568 1
9569 119
9570 0
9571 104
9572 0
9573 206
9574 0
9575 133
9576 1
9577 113
9578 0
9579 217
9580 1
9581 135
9582 0
9583 135
9584 0
9585 289
9586 0
9587 102
9588 1
9589 106
9590 0
9591 219
9592 0
9593 112
9594 0
9595 144
9596 0
9597 252
9598 0
9599 108
9600 1
9601 96
9602 0
9603 229
9604 1
9605 159
9606 0
9607 122
9608 0
9609 213
9610 0
9611 123
9612 0
9613 107
9614 0
9615 281
9616 0
9617 109
9618 0
9619 105
9620 0
9621 203
9622 0
9623 106
9624 0
9625 181
9626 0
9627 207
9628 1
9629 116
9630 0
9631 102
9632 0
9633 243
9634 0
9635 143
9636 1
9637 109
9638 0
9639 268
9640 0
9641 113
9642 0
9643 100
9644 0
9645 271
9646 0
9647 121
9648 0
9649 103
9650 0
9651 195
9652 0
9653 124
9654 0
9655 143
9656 0
9657 223
9658 0
9659 108
9660 0
9661 104
9662 0
9663 207
9664 1
9665 142
9666 0
9667 131
9668 0
9669 239
9670 0
9671 111
9672 0
9673 110
9674 0
9675 277
9676 0
9677 102
9678 0
9679 97
9680 0
9681 253
9682 0
9683 109
9684 0
9685 151
9686 0
9687 218
9688 0
9689 106
9690 0
9691 122
9692 0
9693 205
9694 0
9695 168
9696 0
9697 107
9698 0
9699 227
9700 0
9701 110
9702 0
9703 111
9704 0
9705 280
9706 0
9707 112
9708 0
9709 135
9710 0
9711 222
9712 0
9713 119
9714 0
9715 144
9716 0
9717 221
9718 0
9719 104
9720 0
9721 93
9722 0
9723 253
9724 1
9725 142
9726 0
9727 108
9728 0
9729 219
9730 0
9731 105
9732 0
9733 100
9734 0
9735 298
9736 0
9737 137
9738 0
9739 109
9740 0
9741 228
9742 0
9743 108
9744 1
9745 140
9746 0
9747 220
9748 0
9749 101
9750 0
9751 124
9752 0
9753 208
9754 0
9755 140
9756 1
9757 118
9758 0
9759 222
9760 0
9761 108
9762 0
9763 118
9764 0
9765 340
9766 0
9767 103
9768 0
9769 104
9770 0
9771 212
9772 0
9773 112
9774 0
9775 155
9776 0
9777 213
9778 0
9779 142
9780 1
9781 104
9782 0
9783 213
9784 0
9785 154
9786 0
9787 98
9788 0
9789 231
9790 0
9791 96
9792 0
9793 123
9794 0
9795 282
9796 0
9797 104
9798 0
9799 104
9800 0
9801 242
9802 0
9803 102
9804 0
9805 139
9806 0
9807 254
9808 1
9809 115
9810 0
9811 103
9812 0
9813 212
9814 0
9815 154
9816 0
9817 107
9818 0
9819 202
9820 1
9821 143
9822 0
9823 135
9824 0
9825 294
9826 0
9827 110
9828 0
9829 107
9830 0
9831 210
9832 0
9833 109
9834 0
9835 170
9836 0
9837 208
9838 0
9839 106
9840 1
9841 112
9842 0
9843 227
9844 0
9845 159
9846 0
9847 108
9848 0
9849 257
9850 0
9851 103
9852 0
9853 104
9854 0
9855 287
9856 0
9857 104
9858 0
9859 109
9860 0
9861 222
9862 0
9863 124
9864 1
9865 143
9866 0
9867 266
9868 1
9869 112
9870 0
9871 95
9872 0
9873 209
9874 0
9875 150
9876 1
9877 140
9878 0
9879 218
9880 0
9881 120
9882 0
9883 113
9884 0
9885 288
9886 0
9887 103
9888 1
9889 118
9890 0
9891 260
9892 0
9893 118
9894 0
9895 141
9896 0
9897 213
9898 0
9899 114
9900 0
9901 105
9902 0
9903 214
9904 1
9905 179
9906 0
9907 108
9908 0
9909 217
9910 0
9911 125
9912 0
9913 118
9914 0
9915 278
9916 1
9917 115
9918 0
9919 140
9920 0
9921 211
9922 0
9923 109
9924 0
9925 135
9926 0
9927 222
9928 0
9929 109
9930 0
9931 105
9932 0
9933 295
9934 0
9935 138
9936 1
9937 114
9938 0
9939 208
9940 1
9941 112
9942 0
9943 107
9944 0
9945 333
9946 0
9947 139
9948 1
9949 109
9950 0
9951 218
9952 0
9953 115
9954 0
9955 157
9956 0
9957 221
9958 0
9959 108
9960 0
9961 121
9962 0
9963 225
9964 0
9965 152
9966 0
9967 103
9968 0
9969 219
9970 0
9971 119
9972 0
9973 104
9974 0
9975 357
9976 1
9977 123
9978 0
9979 116
9980 0
9981 213
9982 0
9983 108
9984 0
9985 141
9986 0
9987 210
9988 1
9989 131
9990 0
9991 112
9992 0
9993 220
9994 0
9995 139
9996 0
9997 112
9998 0
9999 235
10000 1
